(Gen. 0) BestSol = Solution: cost=[143.0], size=[24], elements=[2, 3, 4, 6, 8, 9, 22, 24, 28, 30, 33, 34, 36, 43, 44, 45, 48, 49, 51, 53, 55, 56, 57, 59]
(Gen. 1) BestSol = Solution: cost=[285.0], size=[21], elements=[2, 4, 7, 15, 18, 19, 22, 23, 24, 32, 35, 44, 47, 49, 50, 51, 53, 54, 55, 56, 59]
(Gen. 4) BestSol = Solution: cost=[295.0], size=[22], elements=[2, 4, 7, 15, 18, 19, 22, 23, 24, 32, 35, 44, 47, 49, 50, 51, 52, 53, 54, 55, 56, 59]
(Gen. 8) BestSol = Solution: cost=[306.0], size=[20], elements=[2, 4, 7, 14, 18, 23, 24, 32, 35, 44, 47, 49, 50, 51, 52, 53, 54, 55, 56, 59]
(Gen. 12) BestSol = Solution: cost=[353.0], size=[23], elements=[2, 4, 14, 16, 17, 22, 23, 24, 26, 29, 34, 35, 38, 40, 41, 42, 44, 49, 52, 53, 55, 56, 59]
(Gen. 14) BestSol = Solution: cost=[361.0], size=[22], elements=[2, 4, 14, 16, 17, 22, 23, 24, 26, 29, 34, 35, 38, 40, 41, 42, 44, 49, 51, 54, 56, 59]
(Gen. 17) BestSol = Solution: cost=[389.0], size=[22], elements=[2, 4, 7, 14, 17, 22, 23, 24, 26, 29, 30, 35, 42, 44, 45, 46, 49, 51, 53, 55, 56, 59]
(Gen. 18) BestSol = Solution: cost=[401.0], size=[25], elements=[2, 4, 11, 14, 17, 18, 22, 23, 24, 26, 27, 29, 31, 34, 38, 41, 42, 44, 45, 49, 51, 53, 55, 56, 59]
(Gen. 19) BestSol = Solution: cost=[418.0], size=[25], elements=[2, 3, 4, 10, 11, 16, 17, 19, 24, 26, 27, 29, 30, 35, 38, 41, 42, 44, 45, 49, 51, 54, 55, 56, 59]
(Gen. 20) BestSol = Solution: cost=[420.0], size=[21], elements=[2, 3, 4, 14, 17, 19, 24, 26, 27, 29, 31, 35, 38, 44, 45, 49, 51, 53, 54, 56, 59]
(Gen. 21) BestSol = Solution: cost=[437.0], size=[26], elements=[2, 3, 4, 14, 16, 17, 23, 24, 26, 27, 28, 29, 30, 33, 35, 38, 41, 42, 44, 45, 49, 51, 54, 55, 56, 59]
(Gen. 22) BestSol = Solution: cost=[472.0], size=[27], elements=[2, 3, 4, 14, 17, 22, 23, 24, 26, 27, 28, 29, 30, 32, 34, 35, 38, 41, 42, 44, 45, 49, 51, 53, 55, 56, 59]
(Gen. 30) BestSol = Solution: cost=[481.0], size=[25], elements=[2, 3, 4, 14, 17, 19, 22, 23, 24, 26, 27, 29, 31, 32, 35, 38, 41, 44, 45, 49, 51, 53, 55, 56, 59]
(Gen. 32) BestSol = Solution: cost=[491.0], size=[28], elements=[2, 3, 4, 11, 14, 17, 22, 23, 24, 26, 27, 28, 29, 30, 32, 34, 35, 38, 41, 42, 44, 45, 49, 51, 53, 55, 56, 59]
(Gen. 34) BestSol = Solution: cost=[494.0], size=[28], elements=[2, 4, 11, 14, 17, 22, 23, 24, 26, 27, 28, 29, 30, 32, 34, 35, 38, 41, 42, 44, 45, 49, 51, 52, 53, 55, 56, 59]
(Gen. 42) BestSol = Solution: cost=[495.0], size=[27], elements=[2, 3, 4, 11, 14, 17, 22, 23, 24, 26, 27, 28, 29, 30, 32, 34, 35, 38, 42, 44, 45, 49, 51, 53, 55, 56, 59]
maxVal = Solution: cost=[495.0], size=[27], elements=[2, 3, 4, 11, 14, 17, 22, 23, 24, 26, 27, 28, 29, 30, 32, 34, 35, 38, 42, 44, 45, 49, 51, 53, 55, 56, 59]
Time = 48.975 seg
