(Gen. 0) BestSol = Solution: cost=[315.0], size=[36], elements=[1, 2, 3, 4, 6, 8, 9, 10, 11, 15, 18, 20, 22, 26, 28, 31, 32, 34, 36, 43, 44, 47, 48, 50, 53, 54, 60, 61, 63, 64, 65, 66, 67, 70, 71, 76]
(Gen. 3) BestSol = Solution: cost=[363.0], size=[31], elements=[0, 4, 8, 9, 13, 15, 18, 19, 24, 29, 36, 37, 42, 43, 47, 48, 49, 51, 54, 57, 59, 60, 62, 64, 65, 66, 69, 71, 72, 73, 74]
(Gen. 4) BestSol = Solution: cost=[415.0], size=[30], elements=[0, 2, 4, 6, 8, 14, 18, 20, 24, 28, 29, 34, 36, 37, 38, 42, 43, 47, 48, 49, 50, 51, 52, 55, 59, 61, 65, 72, 78, 79]
(Gen. 6) BestSol = Solution: cost=[430.0], size=[26], elements=[2, 3, 6, 8, 9, 18, 19, 21, 23, 24, 30, 39, 42, 43, 47, 48, 49, 54, 59, 60, 62, 64, 71, 73, 74, 75]
(Gen. 7) BestSol = Solution: cost=[446.0], size=[29], elements=[2, 3, 4, 6, 7, 9, 14, 16, 18, 20, 23, 24, 31, 37, 43, 44, 47, 49, 53, 54, 58, 59, 61, 62, 64, 71, 73, 75, 76]
(Gen. 11) BestSol = Solution: cost=[447.0], size=[28], elements=[2, 3, 6, 7, 9, 14, 16, 18, 20, 23, 24, 31, 37, 43, 44, 47, 49, 53, 54, 58, 59, 61, 62, 64, 71, 73, 75, 76]
(Gen. 12) BestSol = Solution: cost=[458.0], size=[27], elements=[2, 3, 6, 7, 9, 14, 16, 18, 20, 23, 24, 31, 37, 44, 46, 47, 48, 49, 58, 59, 61, 62, 64, 71, 73, 75, 76]
(Gen. 13) BestSol = Solution: cost=[467.0], size=[27], elements=[2, 3, 6, 7, 9, 14, 16, 18, 20, 23, 24, 31, 37, 41, 44, 47, 48, 49, 58, 59, 61, 62, 64, 71, 73, 75, 76]
(Gen. 14) BestSol = Solution: cost=[475.0], size=[28], elements=[2, 3, 4, 5, 8, 9, 12, 13, 15, 18, 19, 23, 28, 29, 31, 37, 42, 46, 47, 48, 54, 56, 59, 60, 64, 65, 70, 71]
(Gen. 15) BestSol = Solution: cost=[516.0], size=[27], elements=[2, 3, 4, 7, 8, 10, 11, 13, 15, 18, 23, 25, 31, 32, 37, 47, 48, 49, 50, 51, 54, 60, 62, 67, 71, 73, 74]
(Gen. 18) BestSol = Solution: cost=[529.0], size=[31], elements=[1, 2, 3, 4, 7, 8, 10, 11, 13, 15, 18, 19, 22, 23, 31, 36, 37, 42, 43, 47, 49, 51, 54, 58, 59, 61, 64, 65, 71, 74, 75]
(Gen. 19) BestSol = Solution: cost=[550.0], size=[28], elements=[2, 3, 4, 6, 7, 16, 18, 20, 23, 24, 34, 36, 37, 42, 44, 47, 48, 49, 54, 58, 59, 61, 62, 64, 71, 74, 75, 76]
(Gen. 20) BestSol = Solution: cost=[561.0], size=[30], elements=[2, 3, 4, 6, 7, 16, 18, 20, 23, 24, 34, 36, 37, 41, 42, 44, 47, 48, 49, 54, 58, 59, 61, 62, 63, 64, 71, 74, 75, 76]
(Gen. 21) BestSol = Solution: cost=[584.0], size=[29], elements=[2, 3, 4, 6, 7, 16, 18, 20, 23, 24, 31, 34, 36, 37, 42, 44, 47, 48, 49, 54, 58, 59, 61, 62, 64, 71, 74, 75, 76]
(Gen. 23) BestSol = Solution: cost=[591.0], size=[31], elements=[2, 3, 4, 8, 11, 13, 18, 19, 20, 22, 23, 24, 31, 34, 37, 42, 43, 44, 47, 48, 49, 51, 52, 54, 58, 60, 61, 64, 71, 75, 76]
(Gen. 24) BestSol = Solution: cost=[608.0], size=[33], elements=[2, 3, 4, 6, 7, 9, 14, 16, 18, 19, 20, 22, 23, 31, 34, 36, 37, 40, 42, 44, 47, 48, 49, 58, 59, 61, 62, 64, 70, 71, 74, 75, 76]
(Gen. 26) BestSol = Solution: cost=[618.0], size=[31], elements=[2, 3, 4, 8, 13, 16, 18, 19, 20, 22, 23, 24, 31, 34, 37, 42, 44, 46, 47, 48, 49, 51, 52, 54, 58, 60, 61, 64, 71, 75, 76]
(Gen. 27) BestSol = Solution: cost=[625.0], size=[30], elements=[2, 3, 4, 7, 8, 10, 11, 13, 15, 16, 18, 23, 25, 30, 31, 34, 37, 42, 47, 48, 49, 51, 54, 59, 60, 64, 71, 73, 74, 78]
(Gen. 29) BestSol = Solution: cost=[650.0], size=[33], elements=[2, 3, 4, 6, 8, 13, 16, 18, 19, 20, 22, 23, 24, 31, 34, 37, 42, 44, 46, 47, 48, 49, 51, 52, 54, 58, 60, 61, 62, 64, 71, 75, 76]
(Gen. 32) BestSol = Solution: cost=[668.0], size=[35], elements=[1, 2, 3, 4, 5, 8, 11, 13, 18, 19, 23, 24, 31, 36, 37, 42, 43, 44, 47, 48, 49, 54, 55, 57, 58, 59, 60, 61, 62, 71, 72, 73, 74, 75, 76]
(Gen. 33) BestSol = Solution: cost=[688.0], size=[32], elements=[2, 3, 4, 7, 8, 9, 13, 15, 16, 18, 19, 22, 23, 24, 31, 37, 42, 44, 46, 47, 48, 49, 50, 51, 54, 58, 60, 64, 71, 73, 75, 76]
(Gen. 39) BestSol = Solution: cost=[711.0], size=[34], elements=[1, 2, 3, 4, 8, 14, 18, 19, 20, 22, 24, 25, 29, 31, 36, 37, 41, 42, 43, 47, 48, 49, 50, 51, 54, 58, 59, 60, 61, 62, 64, 71, 74, 76]
(Gen. 40) BestSol = Solution: cost=[748.0], size=[32], elements=[1, 2, 3, 4, 7, 8, 13, 18, 19, 21, 22, 24, 31, 36, 37, 42, 43, 44, 47, 48, 49, 51, 54, 58, 60, 61, 62, 71, 72, 73, 75, 76]
(Gen. 41) BestSol = Solution: cost=[752.0], size=[36], elements=[1, 2, 3, 4, 8, 13, 18, 19, 20, 21, 22, 24, 29, 31, 37, 42, 43, 44, 46, 47, 48, 49, 50, 51, 52, 54, 55, 58, 60, 61, 62, 64, 71, 74, 75, 76]
(Gen. 44) BestSol = Solution: cost=[755.0], size=[31], elements=[1, 2, 3, 4, 7, 8, 13, 18, 19, 21, 22, 24, 31, 36, 37, 42, 43, 44, 47, 48, 49, 51, 54, 58, 60, 61, 62, 71, 73, 75, 76]
(Gen. 45) BestSol = Solution: cost=[766.0], size=[32], elements=[1, 2, 3, 4, 7, 8, 13, 18, 19, 21, 22, 24, 31, 36, 37, 42, 43, 44, 47, 48, 49, 50, 51, 54, 58, 60, 61, 62, 71, 73, 75, 76]
(Gen. 48) BestSol = Solution: cost=[770.0], size=[33], elements=[1, 2, 3, 4, 7, 8, 13, 18, 19, 21, 22, 24, 31, 36, 37, 42, 43, 44, 47, 48, 49, 51, 54, 55, 58, 60, 61, 62, 64, 71, 73, 75, 76]
(Gen. 49) BestSol = Solution: cost=[801.0], size=[32], elements=[1, 2, 3, 4, 7, 8, 13, 18, 19, 21, 22, 24, 31, 37, 42, 43, 44, 47, 48, 49, 50, 51, 52, 54, 58, 60, 61, 62, 71, 73, 75, 76]
(Gen. 50) BestSol = Solution: cost=[826.0], size=[34], elements=[1, 2, 3, 4, 7, 8, 13, 18, 19, 21, 22, 24, 31, 37, 42, 43, 44, 46, 47, 48, 49, 50, 51, 52, 54, 55, 58, 60, 62, 64, 71, 73, 75, 76]
(Gen. 52) BestSol = Solution: cost=[845.0], size=[35], elements=[1, 2, 3, 4, 7, 8, 13, 18, 19, 21, 22, 24, 31, 37, 42, 43, 44, 46, 47, 48, 49, 50, 51, 52, 54, 55, 58, 60, 61, 62, 64, 71, 73, 75, 76]
(Gen. 60) BestSol = Solution: cost=[851.0], size=[36], elements=[1, 2, 3, 4, 7, 8, 13, 18, 19, 21, 22, 24, 31, 37, 42, 43, 44, 46, 47, 48, 49, 50, 51, 52, 54, 55, 58, 60, 61, 62, 64, 71, 73, 74, 75, 76]
maxVal = Solution: cost=[851.0], size=[36], elements=[1, 2, 3, 4, 7, 8, 13, 18, 19, 21, 22, 24, 31, 37, 42, 43, 44, 46, 47, 48, 49, 50, 51, 52, 54, 55, 58, 60, 61, 62, 64, 71, 73, 74, 75, 76]
Time = 86.501 seg
