(Gen. 0) BestSol = Solution: cost=[396.0], size=[43], elements=[1, 2, 3, 8, 14, 16, 20, 22, 23, 24, 29, 30, 33, 34, 35, 36, 38, 39, 41, 43, 45, 46, 50, 51, 54, 60, 61, 63, 64, 68, 73, 74, 77, 78, 80, 82, 84, 87, 88, 89, 95, 96, 98]
(Gen. 2) BestSol = Solution: cost=[432.0], size=[33], elements=[0, 5, 6, 7, 8, 10, 16, 17, 22, 28, 29, 31, 32, 33, 38, 43, 47, 55, 56, 57, 62, 66, 67, 69, 72, 74, 75, 83, 85, 90, 91, 94, 96]
(Gen. 3) BestSol = Solution: cost=[455.0], size=[33], elements=[0, 5, 6, 7, 8, 10, 16, 17, 22, 28, 29, 31, 32, 33, 38, 43, 47, 55, 56, 57, 62, 67, 69, 72, 74, 75, 83, 84, 85, 90, 91, 94, 96]
(Gen. 4) BestSol = Solution: cost=[484.0], size=[31], elements=[2, 3, 6, 7, 9, 15, 16, 22, 25, 29, 37, 42, 43, 44, 45, 47, 49, 53, 60, 62, 63, 69, 71, 72, 80, 82, 84, 91, 92, 93, 96]
(Gen. 5) BestSol = Solution: cost=[508.0], size=[38], elements=[0, 2, 3, 4, 6, 9, 10, 18, 20, 22, 23, 28, 29, 34, 37, 38, 42, 45, 47, 49, 50, 57, 58, 62, 63, 67, 69, 71, 72, 79, 81, 84, 85, 91, 92, 94, 95, 97]
(Gen. 6) BestSol = Solution: cost=[534.0], size=[32], elements=[0, 2, 3, 10, 17, 18, 19, 22, 23, 29, 34, 36, 37, 38, 42, 44, 45, 47, 49, 54, 56, 57, 62, 66, 69, 82, 84, 89, 91, 94, 95, 97]
(Gen. 8) BestSol = Solution: cost=[694.0], size=[31], elements=[2, 7, 10, 14, 16, 17, 18, 22, 28, 29, 33, 34, 37, 39, 41, 42, 44, 46, 50, 59, 62, 66, 69, 71, 72, 73, 79, 81, 91, 95, 96]
(Gen. 12) BestSol = Solution: cost=[702.0], size=[39], elements=[2, 7, 10, 12, 16, 17, 19, 21, 22, 23, 24, 28, 29, 37, 38, 42, 44, 45, 47, 49, 51, 55, 56, 57, 61, 62, 64, 67, 69, 71, 72, 73, 74, 75, 84, 90, 91, 94, 95]
(Gen. 13) BestSol = Solution: cost=[741.0], size=[31], elements=[0, 2, 3, 6, 7, 9, 10, 17, 18, 20, 22, 23, 29, 33, 38, 39, 42, 44, 45, 50, 56, 57, 62, 69, 73, 74, 84, 89, 91, 94, 95]
(Gen. 14) BestSol = Solution: cost=[750.0], size=[34], elements=[0, 2, 3, 6, 7, 9, 10, 17, 18, 20, 22, 23, 29, 33, 38, 39, 42, 44, 45, 50, 56, 57, 62, 66, 69, 71, 72, 73, 74, 79, 89, 91, 94, 95]
(Gen. 16) BestSol = Solution: cost=[784.0], size=[35], elements=[2, 7, 10, 12, 14, 16, 17, 18, 19, 20, 23, 28, 29, 33, 38, 39, 42, 44, 57, 62, 63, 64, 67, 69, 71, 72, 73, 74, 75, 81, 84, 85, 91, 92, 96]
(Gen. 17) BestSol = Solution: cost=[800.0], size=[36], elements=[2, 7, 10, 12, 14, 16, 17, 18, 19, 20, 23, 28, 29, 33, 38, 39, 42, 44, 57, 62, 63, 64, 67, 69, 71, 72, 73, 74, 75, 79, 81, 84, 85, 91, 92, 96]
(Gen. 23) BestSol = Solution: cost=[914.0], size=[39], elements=[2, 7, 10, 14, 16, 17, 18, 19, 23, 25, 28, 29, 33, 34, 37, 39, 40, 42, 44, 45, 49, 51, 56, 57, 61, 62, 63, 64, 69, 71, 72, 73, 74, 79, 84, 85, 86, 92, 96]
(Gen. 25) BestSol = Solution: cost=[959.0], size=[41], elements=[2, 7, 10, 14, 16, 17, 18, 19, 23, 25, 28, 29, 33, 34, 37, 39, 40, 42, 44, 45, 49, 51, 56, 57, 61, 62, 63, 64, 69, 71, 72, 73, 74, 79, 81, 84, 85, 88, 91, 92, 96]
(Gen. 28) BestSol = Solution: cost=[1014.0], size=[37], elements=[2, 7, 9, 10, 14, 16, 17, 18, 19, 22, 23, 25, 28, 29, 33, 34, 38, 42, 44, 45, 51, 56, 57, 59, 62, 63, 64, 68, 69, 71, 72, 73, 74, 79, 85, 91, 96]
(Gen. 34) BestSol = Solution: cost=[1023.0], size=[38], elements=[2, 7, 9, 10, 14, 16, 17, 18, 19, 22, 23, 25, 28, 29, 33, 34, 38, 40, 42, 44, 45, 51, 56, 57, 59, 62, 63, 64, 68, 69, 71, 72, 73, 74, 79, 85, 91, 96]
(Gen. 37) BestSol = Solution: cost=[1043.0], size=[41], elements=[2, 7, 9, 10, 14, 16, 17, 18, 19, 22, 23, 25, 28, 29, 33, 34, 38, 40, 42, 44, 45, 51, 56, 57, 59, 62, 63, 64, 68, 69, 71, 72, 73, 74, 79, 85, 86, 90, 91, 94, 96]
(Gen. 42) BestSol = Solution: cost=[1117.0], size=[42], elements=[2, 7, 10, 14, 16, 17, 18, 19, 22, 23, 24, 25, 28, 29, 31, 33, 34, 38, 39, 40, 42, 44, 45, 50, 51, 57, 62, 64, 67, 69, 71, 72, 73, 74, 78, 79, 85, 88, 90, 91, 92, 96]
(Gen. 44) BestSol = Solution: cost=[1125.0], size=[45], elements=[2, 7, 10, 14, 16, 17, 18, 19, 22, 23, 24, 25, 28, 29, 31, 33, 34, 38, 39, 40, 42, 44, 45, 50, 51, 56, 57, 62, 63, 64, 66, 69, 71, 72, 73, 74, 79, 81, 84, 85, 88, 90, 91, 92, 96]
(Gen. 46) BestSol = Solution: cost=[1129.0], size=[45], elements=[2, 7, 9, 10, 14, 16, 17, 18, 19, 22, 23, 24, 25, 28, 29, 31, 33, 34, 38, 39, 40, 42, 44, 45, 50, 51, 56, 57, 62, 64, 69, 71, 72, 73, 74, 78, 80, 81, 85, 88, 90, 91, 92, 94, 96]
(Gen. 52) BestSol = Solution: cost=[1163.0], size=[48], elements=[2, 7, 9, 10, 14, 16, 17, 18, 19, 22, 23, 24, 25, 28, 29, 31, 33, 34, 38, 40, 42, 44, 45, 50, 51, 56, 57, 61, 62, 63, 64, 67, 69, 71, 72, 73, 74, 78, 79, 81, 84, 85, 86, 90, 91, 92, 94, 96]
(Gen. 55) BestSol = Solution: cost=[1177.0], size=[44], elements=[2, 7, 10, 14, 16, 17, 18, 19, 22, 23, 24, 25, 28, 29, 31, 33, 34, 38, 39, 40, 42, 44, 45, 50, 51, 56, 62, 63, 64, 67, 69, 71, 72, 73, 74, 78, 79, 81, 84, 85, 86, 90, 91, 96]
(Gen. 57) BestSol = Solution: cost=[1196.0], size=[46], elements=[2, 7, 10, 14, 16, 17, 18, 19, 22, 23, 24, 25, 28, 29, 31, 33, 34, 38, 39, 40, 42, 43, 44, 45, 51, 56, 57, 61, 62, 63, 64, 67, 69, 71, 72, 73, 74, 78, 79, 81, 84, 85, 86, 90, 91, 96]
(Gen. 58) BestSol = Solution: cost=[1213.0], size=[45], elements=[2, 7, 10, 14, 16, 17, 18, 19, 22, 23, 24, 25, 28, 29, 33, 34, 38, 39, 40, 42, 43, 44, 45, 51, 56, 57, 62, 63, 64, 66, 67, 69, 71, 72, 73, 74, 78, 81, 84, 85, 86, 90, 91, 94, 96]
(Gen. 64) BestSol = Solution: cost=[1225.0], size=[47], elements=[2, 7, 10, 14, 16, 17, 18, 19, 20, 22, 23, 24, 25, 28, 29, 33, 34, 38, 40, 42, 44, 45, 50, 51, 56, 57, 61, 62, 63, 64, 67, 68, 69, 71, 72, 73, 74, 78, 79, 84, 85, 86, 88, 90, 91, 94, 96]
(Gen. 74) BestSol = Solution: cost=[1235.0], size=[46], elements=[2, 7, 10, 14, 16, 17, 18, 19, 20, 22, 23, 24, 25, 28, 29, 33, 34, 38, 40, 42, 44, 45, 50, 51, 56, 57, 61, 62, 63, 64, 67, 68, 69, 71, 72, 73, 74, 78, 79, 84, 85, 86, 90, 91, 94, 96]
(Gen. 78) BestSol = Solution: cost=[1244.0], size=[47], elements=[2, 7, 10, 14, 16, 17, 18, 19, 20, 22, 23, 24, 25, 28, 29, 33, 34, 38, 40, 42, 44, 45, 50, 51, 56, 57, 61, 62, 63, 64, 67, 68, 69, 71, 72, 73, 74, 78, 79, 81, 84, 85, 86, 90, 91, 94, 96]
(Gen. 91) BestSol = Solution: cost=[1253.0], size=[47], elements=[2, 7, 10, 14, 16, 17, 18, 19, 20, 22, 23, 24, 25, 28, 29, 33, 34, 38, 40, 42, 44, 45, 50, 51, 56, 57, 61, 62, 63, 64, 67, 68, 69, 71, 72, 73, 74, 78, 79, 81, 84, 85, 86, 90, 91, 92, 96]
(Gen. 95) BestSol = Solution: cost=[1262.0], size=[49], elements=[2, 7, 9, 10, 14, 16, 17, 18, 19, 20, 22, 23, 24, 25, 28, 29, 33, 34, 38, 40, 42, 44, 45, 50, 51, 56, 57, 61, 62, 63, 64, 67, 68, 69, 71, 72, 73, 74, 78, 79, 81, 84, 85, 86, 90, 91, 92, 94, 96]
(Gen. 136) BestSol = Solution: cost=[1263.0], size=[46], elements=[2, 7, 9, 10, 14, 16, 17, 18, 19, 20, 22, 23, 25, 28, 29, 33, 34, 38, 42, 44, 45, 50, 51, 56, 57, 61, 62, 63, 64, 67, 68, 69, 71, 72, 73, 74, 78, 79, 84, 85, 86, 90, 91, 92, 94, 96]
maxVal = Solution: cost=[1263.0], size=[46], elements=[2, 7, 9, 10, 14, 16, 17, 18, 19, 20, 22, 23, 25, 28, 29, 33, 34, 38, 42, 44, 45, 50, 51, 56, 57, 61, 62, 63, 64, 67, 68, 69, 71, 72, 73, 74, 78, 79, 84, 85, 86, 90, 91, 92, 94, 96]
Time = 130.766 seg
