(Gen. 0) BestSol = Solution: cost=[966.0], size=[85], elements=[7, 9, 10, 11, 12, 14, 19, 21, 24, 32, 34, 35, 46, 47, 48, 50, 51, 54, 58, 63, 64, 65, 70, 71, 72, 74, 75, 78, 79, 80, 83, 84, 85, 86, 88, 89, 95, 97, 98, 101, 107, 108, 109, 112, 114, 116, 117, 119, 121, 123, 125, 126, 127, 128, 129, 131, 133, 141, 143, 145, 146, 150, 151, 152, 154, 155, 159, 160, 164, 167, 169, 171, 173, 174, 178, 179, 180, 183, 184, 185, 186, 190, 192, 194, 199]
(Gen. 1) BestSol = Solution: cost=[1270.0], size=[80], elements=[0, 3, 4, 8, 9, 11, 13, 15, 16, 17, 23, 27, 30, 36, 42, 43, 48, 49, 50, 53, 55, 56, 57, 58, 63, 68, 69, 75, 76, 77, 84, 87, 91, 94, 99, 100, 101, 102, 103, 110, 111, 113, 117, 125, 129, 133, 136, 137, 141, 142, 144, 146, 147, 151, 153, 154, 157, 158, 159, 163, 164, 165, 171, 172, 173, 175, 176, 177, 178, 181, 183, 184, 185, 189, 190, 192, 193, 195, 196, 198]
(Gen. 3) BestSol = Solution: cost=[1296.0], size=[66], elements=[4, 5, 6, 9, 12, 15, 16, 20, 21, 23, 24, 25, 27, 28, 30, 34, 37, 40, 49, 50, 51, 53, 61, 64, 66, 67, 72, 76, 77, 83, 85, 86, 88, 89, 93, 99, 103, 105, 106, 110, 112, 115, 119, 121, 123, 125, 139, 141, 142, 148, 152, 155, 157, 158, 162, 164, 165, 166, 173, 176, 177, 185, 189, 193, 195, 199]
(Gen. 5) BestSol = Solution: cost=[1302.0], size=[67], elements=[4, 5, 6, 9, 12, 15, 16, 20, 21, 23, 24, 25, 27, 28, 30, 34, 37, 40, 49, 50, 51, 53, 61, 64, 66, 67, 72, 76, 77, 83, 85, 86, 88, 89, 93, 99, 103, 105, 106, 110, 112, 115, 119, 121, 123, 125, 137, 138, 139, 143, 148, 152, 155, 157, 158, 162, 164, 165, 166, 173, 176, 177, 185, 189, 193, 195, 199]
(Gen. 7) BestSol = Solution: cost=[1415.0], size=[71], elements=[0, 4, 5, 6, 9, 12, 15, 16, 20, 21, 23, 24, 25, 27, 28, 30, 34, 37, 40, 50, 51, 53, 61, 64, 66, 67, 72, 76, 77, 83, 85, 86, 88, 89, 92, 93, 99, 103, 105, 106, 110, 111, 112, 115, 119, 121, 123, 125, 137, 138, 139, 148, 152, 155, 157, 158, 162, 164, 165, 166, 170, 173, 176, 177, 180, 181, 184, 187, 193, 195, 199]
(Gen. 8) BestSol = Solution: cost=[1420.0], size=[67], elements=[4, 5, 6, 9, 12, 15, 16, 20, 21, 23, 24, 25, 27, 28, 30, 34, 37, 40, 50, 51, 53, 61, 64, 66, 67, 72, 76, 77, 83, 85, 86, 88, 89, 93, 99, 103, 105, 106, 110, 112, 115, 119, 121, 123, 125, 132, 139, 141, 142, 148, 150, 152, 155, 157, 158, 162, 164, 165, 166, 173, 176, 177, 185, 189, 193, 195, 199]
(Gen. 9) BestSol = Solution: cost=[1464.0], size=[65], elements=[4, 5, 9, 12, 15, 16, 20, 21, 23, 24, 25, 27, 28, 30, 34, 37, 40, 50, 51, 53, 61, 64, 66, 67, 72, 76, 77, 83, 85, 86, 88, 89, 93, 99, 103, 105, 106, 110, 112, 114, 115, 125, 129, 132, 133, 139, 141, 148, 150, 152, 155, 157, 158, 162, 164, 165, 166, 173, 176, 177, 185, 189, 193, 195, 199]
(Gen. 12) BestSol = Solution: cost=[1527.0], size=[68], elements=[4, 5, 9, 12, 15, 16, 20, 21, 23, 24, 25, 27, 28, 30, 34, 37, 40, 50, 51, 53, 61, 64, 66, 67, 72, 76, 77, 83, 85, 86, 88, 89, 91, 93, 99, 103, 106, 108, 110, 112, 113, 114, 119, 121, 122, 129, 132, 133, 139, 141, 148, 150, 152, 155, 157, 158, 162, 164, 165, 166, 173, 176, 177, 185, 189, 193, 195, 199]
(Gen. 15) BestSol = Solution: cost=[1532.0], size=[66], elements=[4, 5, 6, 7, 8, 9, 14, 15, 16, 23, 25, 26, 30, 31, 34, 40, 49, 51, 53, 64, 69, 71, 73, 77, 81, 85, 86, 93, 94, 96, 99, 102, 110, 111, 112, 119, 122, 124, 125, 131, 132, 140, 141, 145, 147, 148, 150, 155, 157, 160, 163, 164, 165, 166, 167, 171, 173, 176, 181, 183, 184, 185, 186, 189, 193, 195]
(Gen. 17) BestSol = Solution: cost=[1595.0], size=[69], elements=[5, 6, 7, 12, 13, 16, 24, 25, 27, 28, 30, 34, 37, 47, 50, 51, 53, 54, 66, 67, 69, 70, 71, 73, 76, 77, 82, 83, 84, 85, 86, 89, 92, 93, 99, 103, 105, 110, 111, 113, 114, 117, 119, 121, 127, 131, 132, 137, 138, 141, 142, 145, 147, 148, 150, 151, 155, 156, 157, 158, 162, 167, 171, 172, 174, 185, 195, 197, 199]
(Gen. 18) BestSol = Solution: cost=[1821.0], size=[71], elements=[4, 6, 7, 9, 12, 14, 15, 16, 21, 23, 25, 28, 30, 34, 37, 40, 49, 53, 56, 58, 62, 65, 66, 67, 69, 70, 72, 76, 79, 81, 82, 84, 85, 88, 92, 93, 94, 99, 103, 106, 112, 115, 119, 121, 123, 129, 137, 138, 139, 141, 147, 148, 151, 152, 153, 157, 158, 162, 164, 166, 167, 168, 174, 178, 179, 180, 184, 185, 191, 196, 199]
(Gen. 19) BestSol = Solution: cost=[1834.0], size=[72], elements=[4, 5, 6, 7, 8, 9, 14, 15, 16, 19, 20, 21, 23, 27, 28, 30, 34, 37, 49, 51, 52, 56, 66, 67, 69, 73, 76, 77, 83, 85, 86, 88, 99, 103, 105, 106, 107, 111, 114, 117, 119, 122, 124, 125, 131, 132, 140, 141, 145, 147, 148, 149, 150, 155, 157, 160, 163, 164, 165, 166, 167, 171, 173, 176, 181, 183, 184, 185, 186, 193, 195, 199]
(Gen. 24) BestSol = Solution: cost=[1867.0], size=[65], elements=[0, 4, 7, 9, 11, 13, 16, 17, 21, 23, 24, 25, 26, 28, 30, 34, 37, 38, 40, 49, 51, 59, 61, 62, 66, 67, 69, 76, 83, 85, 88, 89, 93, 99, 103, 105, 106, 110, 114, 119, 121, 131, 132, 137, 138, 141, 144, 145, 147, 150, 155, 157, 158, 160, 162, 165, 166, 173, 176, 179, 181, 183, 184, 195, 199]
(Gen. 25) BestSol = Solution: cost=[2066.0], size=[73], elements=[4, 5, 6, 7, 8, 9, 14, 15, 16, 19, 20, 21, 23, 27, 28, 30, 34, 37, 49, 51, 52, 56, 66, 67, 69, 70, 72, 73, 76, 77, 85, 86, 89, 94, 99, 103, 105, 106, 107, 111, 114, 117, 119, 124, 125, 131, 132, 140, 141, 145, 147, 148, 149, 150, 155, 157, 160, 163, 164, 165, 166, 167, 171, 173, 176, 181, 183, 184, 185, 186, 193, 195, 199]
(Gen. 30) BestSol = Solution: cost=[2074.0], size=[74], elements=[4, 5, 6, 7, 8, 9, 14, 15, 16, 19, 20, 21, 23, 27, 28, 30, 34, 37, 49, 51, 52, 56, 66, 67, 69, 70, 72, 73, 76, 77, 85, 86, 89, 94, 99, 103, 105, 106, 107, 111, 114, 117, 119, 124, 125, 131, 132, 140, 141, 145, 147, 148, 149, 150, 155, 157, 160, 163, 164, 165, 166, 167, 171, 173, 174, 176, 181, 183, 184, 185, 186, 193, 195, 199]
(Gen. 31) BestSol = Solution: cost=[2088.0], size=[77], elements=[4, 5, 6, 7, 8, 9, 14, 15, 16, 19, 20, 21, 23, 28, 30, 37, 40, 43, 45, 49, 53, 54, 61, 63, 66, 67, 72, 75, 83, 84, 85, 86, 88, 89, 91, 93, 94, 99, 101, 102, 103, 110, 111, 112, 114, 116, 119, 124, 125, 131, 132, 140, 141, 145, 147, 148, 149, 150, 155, 157, 160, 163, 164, 165, 166, 167, 171, 173, 176, 181, 183, 184, 185, 186, 193, 195, 199]
(Gen. 32) BestSol = Solution: cost=[2109.0], size=[73], elements=[1, 4, 6, 7, 9, 11, 15, 19, 21, 24, 25, 28, 30, 32, 34, 37, 40, 42, 45, 46, 49, 51, 52, 53, 54, 56, 58, 61, 63, 66, 67, 69, 70, 72, 73, 76, 77, 85, 86, 89, 94, 99, 103, 105, 107, 111, 114, 117, 119, 125, 132, 137, 139, 140, 141, 145, 147, 148, 155, 159, 165, 166, 167, 171, 173, 179, 183, 184, 185, 187, 190, 195, 196]
(Gen. 33) BestSol = Solution: cost=[2337.0], size=[72], elements=[4, 7, 9, 16, 17, 18, 19, 23, 24, 25, 27, 28, 30, 34, 37, 40, 43, 45, 46, 48, 49, 51, 53, 56, 58, 66, 67, 69, 72, 73, 75, 77, 84, 85, 86, 89, 91, 93, 99, 103, 108, 110, 111, 114, 117, 129, 139, 140, 141, 143, 145, 147, 148, 150, 153, 154, 155, 157, 162, 164, 165, 166, 167, 171, 175, 176, 177, 178, 179, 184, 187, 196]
(Gen. 40) BestSol = Solution: cost=[2387.0], size=[76], elements=[4, 5, 7, 9, 14, 15, 16, 19, 20, 21, 23, 28, 30, 33, 34, 37, 41, 43, 46, 49, 51, 52, 54, 56, 61, 66, 67, 69, 70, 72, 73, 76, 80, 81, 83, 85, 86, 88, 89, 99, 103, 105, 110, 111, 112, 114, 116, 117, 119, 121, 125, 137, 140, 141, 143, 145, 147, 148, 155, 162, 164, 165, 166, 167, 171, 175, 176, 177, 179, 181, 184, 185, 192, 193, 195, 199]
(Gen. 44) BestSol = Solution: cost=[2395.0], size=[76], elements=[4, 5, 7, 9, 14, 15, 16, 19, 20, 21, 23, 28, 30, 33, 34, 37, 41, 46, 49, 51, 52, 54, 56, 61, 66, 67, 69, 70, 72, 73, 76, 80, 81, 83, 85, 86, 88, 89, 99, 103, 105, 110, 111, 112, 114, 116, 117, 119, 121, 125, 129, 137, 139, 141, 143, 145, 147, 148, 155, 162, 164, 165, 166, 167, 171, 175, 176, 177, 179, 181, 184, 185, 192, 193, 195, 199]
(Gen. 46) BestSol = Solution: cost=[2541.0], size=[74], elements=[4, 7, 13, 15, 16, 17, 20, 21, 23, 28, 30, 31, 34, 45, 46, 49, 51, 52, 53, 54, 58, 61, 63, 66, 67, 69, 70, 72, 73, 81, 83, 85, 86, 88, 89, 91, 93, 99, 103, 110, 111, 112, 114, 117, 119, 121, 123, 131, 132, 133, 137, 138, 140, 141, 145, 147, 148, 150, 155, 156, 157, 159, 160, 166, 167, 171, 173, 179, 183, 184, 193, 195, 198, 199]
(Gen. 49) BestSol = Solution: cost=[2559.0], size=[77], elements=[1, 4, 5, 7, 9, 16, 17, 20, 21, 23, 24, 25, 28, 30, 31, 34, 45, 46, 49, 51, 53, 54, 56, 61, 62, 66, 67, 69, 70, 72, 73, 76, 80, 81, 83, 85, 86, 89, 94, 99, 103, 106, 110, 111, 112, 114, 117, 119, 121, 123, 125, 131, 132, 137, 140, 141, 142, 145, 147, 148, 150, 154, 155, 157, 165, 166, 167, 171, 173, 179, 182, 183, 188, 190, 195, 198, 199]
(Gen. 50) BestSol = Solution: cost=[2580.0], size=[75], elements=[4, 5, 7, 13, 15, 16, 17, 21, 23, 26, 28, 29, 30, 31, 34, 45, 46, 49, 51, 52, 53, 54, 61, 63, 66, 67, 69, 70, 72, 73, 81, 83, 85, 86, 88, 89, 91, 93, 99, 103, 110, 112, 114, 116, 117, 119, 121, 124, 129, 132, 137, 138, 139, 140, 141, 145, 147, 148, 150, 155, 156, 159, 160, 166, 167, 169, 171, 179, 183, 184, 192, 193, 195, 198, 199]
(Gen. 52) BestSol = Solution: cost=[2625.0], size=[80], elements=[4, 7, 9, 13, 15, 17, 18, 19, 23, 24, 25, 28, 30, 34, 37, 40, 41, 45, 49, 51, 52, 54, 56, 61, 66, 67, 69, 70, 72, 73, 76, 80, 81, 83, 85, 86, 89, 91, 93, 99, 103, 105, 106, 107, 110, 111, 112, 114, 117, 119, 121, 131, 132, 137, 139, 141, 145, 147, 148, 149, 150, 153, 155, 156, 157, 158, 162, 165, 166, 167, 171, 173, 176, 183, 184, 188, 190, 193, 195, 199]
(Gen. 54) BestSol = Solution: cost=[2732.0], size=[77], elements=[4, 7, 9, 16, 17, 18, 19, 23, 24, 28, 30, 31, 34, 35, 37, 45, 49, 51, 53, 54, 56, 58, 61, 63, 66, 69, 70, 72, 73, 76, 81, 83, 85, 86, 87, 88, 89, 93, 99, 106, 110, 111, 112, 114, 119, 121, 124, 125, 127, 129, 131, 132, 137, 139, 141, 145, 147, 148, 150, 154, 155, 157, 162, 164, 165, 166, 167, 171, 172, 179, 180, 183, 184, 193, 195, 198, 199]
(Gen. 57) BestSol = Solution: cost=[2750.0], size=[77], elements=[4, 7, 9, 16, 17, 18, 19, 23, 24, 28, 30, 31, 34, 35, 37, 45, 49, 51, 53, 54, 56, 58, 61, 63, 66, 69, 70, 72, 73, 76, 81, 83, 85, 86, 87, 88, 89, 93, 99, 106, 110, 111, 112, 114, 119, 121, 124, 125, 127, 131, 132, 137, 139, 141, 145, 147, 148, 150, 154, 155, 157, 162, 164, 165, 166, 167, 169, 171, 172, 179, 180, 183, 184, 193, 195, 198, 199]
(Gen. 61) BestSol = Solution: cost=[2779.0], size=[82], elements=[4, 5, 7, 9, 13, 14, 15, 16, 17, 19, 21, 23, 25, 28, 30, 31, 34, 37, 38, 39, 45, 49, 51, 52, 54, 56, 61, 66, 67, 69, 72, 73, 80, 83, 85, 86, 88, 89, 90, 93, 94, 99, 100, 103, 106, 110, 112, 114, 117, 119, 121, 124, 125, 131, 132, 137, 139, 140, 141, 145, 147, 148, 155, 157, 159, 160, 162, 163, 164, 166, 167, 171, 173, 179, 183, 184, 185, 187, 192, 195, 196, 199]
(Gen. 64) BestSol = Solution: cost=[2833.0], size=[80], elements=[4, 7, 9, 16, 17, 18, 19, 23, 24, 28, 30, 31, 34, 35, 37, 40, 45, 49, 51, 53, 54, 56, 58, 61, 63, 66, 69, 70, 72, 73, 76, 81, 83, 85, 86, 87, 88, 89, 99, 106, 110, 111, 112, 114, 119, 121, 124, 125, 126, 127, 131, 132, 137, 138, 139, 140, 141, 145, 147, 148, 150, 154, 155, 157, 162, 164, 165, 166, 167, 169, 171, 172, 179, 183, 184, 193, 195, 196, 198, 199]
(Gen. 65) BestSol = Solution: cost=[2893.0], size=[79], elements=[4, 7, 13, 14, 15, 16, 17, 19, 21, 23, 25, 28, 30, 31, 34, 37, 41, 43, 47, 49, 50, 51, 52, 54, 61, 67, 69, 70, 72, 76, 80, 81, 83, 85, 86, 89, 93, 99, 105, 106, 110, 111, 112, 114, 117, 119, 121, 124, 125, 131, 132, 137, 138, 139, 141, 144, 145, 147, 148, 153, 154, 155, 157, 160, 162, 164, 165, 166, 167, 171, 174, 176, 179, 183, 184, 195, 196, 198, 199]
(Gen. 69) BestSol = Solution: cost=[2916.0], size=[80], elements=[4, 5, 7, 16, 17, 19, 21, 23, 25, 28, 30, 31, 33, 34, 37, 45, 49, 51, 53, 54, 56, 61, 66, 67, 69, 70, 72, 73, 80, 81, 83, 85, 86, 87, 88, 89, 93, 99, 105, 106, 110, 111, 114, 117, 119, 121, 124, 125, 129, 131, 132, 137, 139, 140, 141, 143, 145, 147, 148, 150, 155, 157, 160, 162, 164, 165, 166, 167, 169, 171, 173, 174, 179, 183, 184, 185, 189, 193, 196, 199]
(Gen. 70) BestSol = Solution: cost=[2919.0], size=[76], elements=[4, 7, 9, 13, 15, 16, 21, 23, 25, 28, 30, 31, 34, 37, 40, 41, 45, 49, 51, 52, 54, 61, 66, 67, 69, 70, 72, 76, 81, 83, 85, 86, 88, 93, 94, 99, 101, 103, 106, 107, 110, 112, 114, 119, 121, 124, 125, 129, 131, 132, 137, 138, 141, 145, 147, 148, 150, 153, 154, 155, 156, 157, 160, 162, 164, 165, 166, 167, 171, 178, 179, 181, 183, 184, 193, 199]
(Gen. 72) BestSol = Solution: cost=[2947.0], size=[79], elements=[4, 5, 9, 14, 16, 17, 19, 21, 23, 25, 28, 30, 31, 34, 39, 41, 45, 49, 51, 53, 54, 56, 61, 63, 66, 67, 69, 70, 72, 73, 74, 80, 81, 83, 85, 86, 88, 89, 99, 103, 105, 107, 110, 111, 112, 114, 119, 121, 124, 125, 129, 131, 132, 137, 138, 141, 145, 147, 148, 150, 153, 154, 155, 156, 157, 160, 162, 164, 165, 166, 167, 171, 178, 179, 181, 183, 184, 195, 199]
(Gen. 75) BestSol = Solution: cost=[3022.0], size=[79], elements=[4, 7, 9, 13, 16, 18, 19, 21, 23, 25, 28, 30, 31, 34, 37, 41, 45, 46, 49, 51, 52, 54, 61, 63, 66, 69, 70, 72, 73, 76, 80, 81, 83, 85, 86, 88, 89, 93, 99, 103, 106, 107, 110, 111, 112, 117, 119, 124, 125, 129, 131, 132, 134, 137, 139, 140, 141, 144, 145, 147, 148, 153, 154, 155, 157, 162, 164, 165, 166, 167, 169, 171, 179, 183, 184, 193, 195, 196, 199]
(Gen. 77) BestSol = Solution: cost=[3066.0], size=[80], elements=[4, 7, 9, 13, 15, 16, 18, 19, 21, 23, 25, 28, 30, 31, 34, 37, 41, 45, 46, 49, 51, 52, 54, 61, 63, 66, 69, 70, 72, 73, 76, 80, 81, 83, 85, 86, 88, 89, 93, 99, 103, 106, 107, 110, 111, 112, 117, 119, 124, 125, 127, 129, 131, 132, 134, 137, 141, 143, 144, 145, 147, 148, 150, 153, 154, 155, 157, 162, 164, 166, 167, 169, 171, 179, 183, 184, 193, 195, 196, 199]
(Gen. 79) BestSol = Solution: cost=[3074.0], size=[83], elements=[4, 7, 9, 13, 16, 17, 19, 21, 23, 25, 28, 30, 34, 37, 45, 46, 51, 52, 53, 54, 56, 61, 63, 66, 67, 69, 70, 72, 73, 80, 81, 83, 85, 86, 88, 89, 92, 93, 94, 99, 103, 110, 111, 112, 113, 114, 117, 119, 121, 125, 129, 131, 132, 137, 139, 141, 144, 145, 147, 148, 150, 153, 154, 155, 156, 157, 160, 162, 164, 165, 166, 167, 171, 174, 176, 179, 180, 183, 184, 185, 186, 196, 199]
(Gen. 80) BestSol = Solution: cost=[3146.0], size=[85], elements=[4, 5, 7, 9, 13, 16, 17, 21, 23, 25, 28, 30, 34, 37, 39, 45, 46, 51, 52, 53, 54, 56, 61, 63, 66, 67, 69, 70, 72, 73, 80, 81, 83, 85, 86, 88, 89, 92, 93, 94, 99, 103, 110, 111, 112, 113, 114, 117, 119, 121, 125, 129, 131, 132, 137, 139, 141, 144, 145, 147, 148, 150, 154, 155, 156, 157, 160, 162, 164, 165, 166, 167, 171, 174, 176, 179, 180, 183, 184, 185, 186, 193, 195, 196, 199]
(Gen. 88) BestSol = Solution: cost=[3199.0], size=[80], elements=[4, 7, 9, 16, 17, 19, 21, 23, 25, 28, 30, 34, 37, 38, 39, 45, 49, 51, 54, 56, 61, 63, 66, 67, 69, 70, 72, 77, 80, 81, 83, 85, 86, 88, 89, 93, 94, 99, 103, 110, 111, 114, 117, 119, 121, 124, 125, 127, 129, 131, 132, 134, 137, 138, 139, 141, 145, 147, 148, 150, 153, 154, 155, 156, 157, 160, 162, 164, 165, 166, 167, 169, 171, 174, 179, 183, 184, 190, 192, 195]
(Gen. 90) BestSol = Solution: cost=[3207.0], size=[85], elements=[4, 5, 7, 9, 13, 16, 18, 19, 21, 23, 25, 28, 30, 31, 34, 41, 43, 45, 46, 47, 49, 51, 52, 54, 56, 61, 63, 66, 67, 69, 70, 72, 73, 80, 83, 85, 88, 89, 93, 94, 99, 103, 106, 110, 112, 114, 117, 119, 121, 124, 125, 131, 132, 137, 138, 139, 141, 145, 147, 148, 153, 154, 155, 156, 157, 158, 159, 160, 162, 164, 166, 167, 171, 173, 174, 179, 183, 184, 185, 187, 190, 192, 195, 196, 199]
(Gen. 91) BestSol = Solution: cost=[3221.0], size=[81], elements=[4, 7, 9, 14, 16, 18, 19, 21, 23, 24, 25, 30, 31, 34, 37, 38, 45, 49, 51, 52, 54, 61, 63, 66, 68, 69, 70, 72, 73, 80, 81, 83, 85, 86, 89, 93, 99, 101, 103, 106, 110, 112, 114, 117, 119, 121, 124, 125, 131, 132, 137, 138, 139, 141, 145, 147, 148, 150, 153, 154, 155, 156, 157, 160, 162, 164, 165, 166, 167, 169, 171, 174, 176, 179, 183, 184, 185, 187, 188, 193, 199]
(Gen. 94) BestSol = Solution: cost=[3299.0], size=[89], elements=[4, 5, 7, 8, 9, 16, 18, 21, 23, 25, 28, 29, 30, 31, 34, 37, 39, 41, 45, 46, 49, 51, 53, 54, 56, 61, 63, 66, 67, 69, 70, 72, 80, 81, 83, 85, 86, 88, 89, 93, 94, 99, 103, 106, 110, 112, 114, 116, 117, 119, 124, 125, 129, 131, 132, 137, 141, 144, 145, 147, 148, 150, 153, 154, 155, 156, 157, 160, 162, 164, 165, 166, 167, 169, 171, 174, 176, 178, 179, 181, 183, 184, 185, 187, 193, 195, 196, 197, 199]
(Gen. 105) BestSol = Solution: cost=[3340.0], size=[89], elements=[4, 5, 7, 8, 9, 16, 18, 21, 23, 25, 28, 29, 30, 31, 34, 39, 41, 45, 46, 49, 51, 53, 54, 56, 61, 63, 66, 67, 69, 70, 72, 80, 81, 82, 83, 85, 86, 88, 89, 93, 94, 99, 103, 106, 110, 111, 112, 114, 116, 117, 119, 124, 125, 129, 131, 132, 137, 141, 144, 145, 147, 148, 150, 153, 154, 155, 156, 157, 162, 164, 165, 166, 167, 169, 171, 174, 176, 178, 179, 181, 183, 184, 185, 187, 193, 195, 196, 197, 199]
(Gen. 114) BestSol = Solution: cost=[3402.0], size=[89], elements=[4, 5, 7, 8, 9, 16, 18, 21, 23, 25, 28, 29, 30, 31, 34, 39, 41, 45, 46, 49, 51, 53, 54, 56, 61, 63, 66, 67, 69, 70, 72, 80, 81, 83, 85, 86, 88, 89, 93, 94, 99, 103, 106, 110, 111, 112, 114, 116, 117, 119, 121, 124, 125, 129, 131, 132, 137, 141, 144, 145, 147, 148, 150, 153, 154, 155, 156, 157, 162, 164, 165, 166, 167, 169, 171, 174, 176, 178, 179, 181, 183, 184, 185, 187, 193, 195, 196, 197, 199]
(Gen. 129) BestSol = Solution: cost=[3414.0], size=[90], elements=[4, 5, 7, 8, 9, 16, 18, 21, 23, 25, 28, 29, 30, 31, 34, 39, 41, 45, 46, 49, 51, 53, 54, 56, 61, 63, 66, 67, 68, 69, 70, 72, 80, 81, 83, 85, 86, 88, 89, 93, 94, 99, 103, 106, 107, 110, 111, 112, 114, 116, 117, 119, 121, 124, 125, 129, 131, 132, 137, 141, 144, 145, 147, 148, 150, 153, 154, 155, 156, 157, 162, 164, 165, 166, 167, 169, 171, 174, 176, 178, 179, 181, 183, 184, 185, 187, 193, 195, 197, 199]
(Gen. 139) BestSol = Solution: cost=[3458.0], size=[88], elements=[4, 5, 7, 9, 16, 17, 18, 19, 21, 23, 25, 28, 30, 31, 33, 34, 39, 41, 45, 46, 49, 51, 53, 54, 56, 61, 63, 66, 67, 68, 69, 70, 72, 80, 81, 83, 85, 86, 89, 93, 94, 99, 103, 106, 107, 110, 111, 112, 114, 117, 119, 121, 124, 125, 129, 131, 132, 137, 141, 143, 145, 147, 148, 150, 153, 154, 155, 156, 157, 160, 162, 163, 164, 166, 167, 169, 171, 173, 174, 179, 180, 183, 184, 185, 187, 193, 195, 199]
(Gen. 147) BestSol = Solution: cost=[3488.0], size=[88], elements=[4, 5, 7, 9, 16, 17, 18, 19, 21, 23, 25, 28, 30, 31, 33, 34, 39, 41, 45, 46, 49, 51, 53, 54, 56, 61, 63, 67, 68, 69, 70, 72, 77, 80, 81, 83, 85, 86, 89, 93, 94, 99, 103, 106, 107, 110, 111, 112, 114, 117, 119, 121, 124, 125, 129, 131, 132, 134, 137, 141, 143, 145, 147, 148, 150, 153, 154, 155, 156, 157, 160, 162, 163, 164, 166, 167, 169, 171, 173, 174, 179, 180, 183, 184, 187, 193, 195, 199]
(Gen. 148) BestSol = Solution: cost=[3552.0], size=[89], elements=[4, 5, 7, 9, 16, 17, 18, 19, 21, 23, 25, 28, 30, 31, 33, 34, 39, 41, 45, 46, 49, 51, 52, 53, 54, 56, 61, 63, 67, 68, 69, 70, 72, 77, 80, 81, 83, 85, 86, 89, 93, 94, 99, 103, 106, 107, 110, 111, 112, 114, 117, 119, 121, 124, 125, 129, 131, 132, 134, 137, 141, 143, 145, 147, 148, 150, 153, 154, 155, 156, 157, 160, 162, 163, 164, 165, 166, 167, 169, 171, 173, 174, 179, 180, 183, 184, 187, 195, 199]
(Gen. 156) BestSol = Solution: cost=[3573.0], size=[91], elements=[4, 5, 7, 9, 16, 17, 18, 19, 21, 23, 25, 28, 30, 31, 33, 34, 39, 41, 45, 46, 49, 51, 52, 53, 54, 56, 61, 63, 67, 68, 69, 70, 72, 77, 80, 81, 83, 85, 86, 87, 88, 89, 93, 94, 99, 103, 106, 107, 110, 111, 112, 114, 117, 119, 121, 124, 125, 129, 131, 132, 134, 137, 141, 143, 145, 147, 148, 150, 153, 154, 155, 156, 157, 160, 162, 163, 164, 165, 166, 167, 169, 171, 173, 174, 179, 180, 183, 184, 187, 195, 199]
(Gen. 162) BestSol = Solution: cost=[3617.0], size=[91], elements=[4, 5, 7, 9, 16, 17, 18, 19, 21, 23, 25, 28, 30, 31, 33, 34, 39, 41, 45, 46, 49, 51, 52, 53, 54, 56, 61, 63, 67, 68, 69, 70, 72, 77, 80, 81, 83, 85, 86, 87, 88, 89, 93, 94, 99, 103, 106, 107, 110, 111, 112, 114, 117, 119, 121, 124, 125, 129, 131, 132, 134, 137, 141, 143, 145, 147, 148, 150, 153, 154, 155, 156, 157, 160, 162, 163, 164, 166, 167, 169, 171, 173, 174, 179, 180, 183, 184, 187, 193, 195, 199]
(Gen. 185) BestSol = Solution: cost=[3672.0], size=[93], elements=[4, 5, 7, 9, 16, 17, 18, 19, 21, 23, 25, 28, 30, 31, 33, 34, 37, 39, 41, 45, 46, 49, 51, 52, 53, 54, 56, 61, 63, 67, 68, 69, 70, 72, 77, 80, 81, 83, 85, 86, 87, 88, 89, 93, 94, 99, 103, 106, 107, 110, 111, 112, 114, 117, 119, 121, 124, 125, 129, 131, 132, 134, 137, 141, 143, 145, 147, 148, 150, 153, 154, 155, 156, 157, 160, 162, 163, 164, 165, 166, 167, 169, 171, 173, 174, 179, 180, 183, 184, 187, 193, 195, 199]
(Gen. 245) BestSol = Solution: cost=[3709.0], size=[91], elements=[4, 5, 7, 9, 16, 17, 18, 19, 21, 23, 25, 28, 30, 31, 33, 34, 37, 39, 41, 45, 46, 49, 51, 52, 53, 54, 56, 61, 63, 67, 68, 69, 70, 72, 77, 80, 81, 83, 85, 86, 87, 88, 89, 93, 94, 99, 103, 106, 110, 111, 112, 114, 117, 119, 121, 124, 125, 129, 131, 132, 134, 137, 141, 143, 145, 147, 148, 150, 153, 154, 155, 156, 157, 160, 162, 163, 164, 165, 166, 167, 169, 171, 174, 179, 180, 183, 184, 187, 193, 195, 199]
(Gen. 344) BestSol = Solution: cost=[3749.0], size=[92], elements=[4, 5, 7, 9, 16, 17, 18, 19, 21, 23, 25, 28, 30, 31, 33, 34, 37, 39, 41, 45, 46, 49, 51, 52, 53, 54, 56, 61, 63, 67, 68, 69, 70, 72, 77, 80, 81, 83, 85, 86, 87, 88, 89, 93, 94, 99, 103, 106, 110, 111, 112, 114, 117, 119, 121, 124, 125, 129, 131, 132, 134, 137, 141, 143, 145, 147, 148, 150, 153, 154, 155, 156, 157, 160, 162, 163, 164, 165, 166, 167, 169, 171, 174, 179, 180, 183, 184, 187, 192, 193, 195, 199]
(Gen. 350) BestSol = Solution: cost=[3810.0], size=[92], elements=[4, 5, 7, 9, 16, 17, 18, 19, 21, 23, 25, 28, 30, 31, 33, 34, 37, 39, 41, 45, 46, 49, 51, 52, 53, 54, 56, 61, 63, 67, 68, 69, 70, 72, 77, 80, 81, 83, 85, 86, 87, 88, 89, 93, 94, 99, 103, 106, 110, 111, 112, 114, 117, 119, 121, 124, 125, 129, 131, 132, 134, 137, 141, 144, 145, 147, 148, 150, 153, 154, 155, 156, 157, 160, 162, 163, 164, 165, 166, 167, 169, 171, 174, 179, 181, 183, 184, 187, 192, 193, 195, 199]
(Gen. 364) BestSol = Solution: cost=[3831.0], size=[93], elements=[4, 5, 7, 9, 16, 17, 18, 19, 21, 23, 25, 28, 30, 31, 33, 34, 37, 39, 41, 45, 46, 49, 51, 52, 53, 54, 56, 61, 63, 67, 68, 69, 70, 72, 77, 80, 81, 83, 85, 86, 87, 88, 89, 93, 94, 99, 103, 106, 110, 111, 112, 114, 116, 117, 119, 121, 124, 125, 129, 131, 132, 134, 137, 141, 144, 145, 147, 148, 150, 153, 154, 155, 156, 157, 160, 162, 163, 164, 165, 166, 167, 169, 171, 174, 179, 181, 183, 184, 187, 192, 193, 195, 199]
(Gen. 538) BestSol = Solution: cost=[3834.0], size=[94], elements=[4, 5, 7, 9, 16, 17, 18, 19, 21, 23, 25, 28, 30, 31, 33, 34, 37, 39, 41, 45, 46, 47, 49, 51, 52, 54, 56, 61, 63, 67, 68, 69, 70, 72, 77, 80, 81, 83, 85, 86, 87, 88, 89, 93, 94, 99, 103, 106, 110, 111, 112, 114, 116, 117, 119, 121, 124, 125, 129, 131, 132, 134, 137, 141, 144, 145, 147, 148, 150, 153, 154, 155, 156, 157, 160, 162, 163, 164, 165, 166, 167, 169, 171, 174, 179, 181, 183, 184, 187, 192, 193, 195, 197, 199]
(Gen. 622) BestSol = Solution: cost=[3842.0], size=[94], elements=[4, 5, 7, 9, 16, 17, 18, 19, 21, 23, 25, 28, 30, 31, 33, 34, 37, 39, 45, 46, 47, 49, 51, 52, 54, 56, 61, 63, 67, 68, 69, 70, 72, 77, 80, 81, 83, 85, 86, 87, 88, 89, 93, 94, 99, 103, 106, 110, 111, 112, 114, 116, 117, 119, 121, 124, 125, 129, 131, 132, 134, 137, 141, 144, 145, 147, 148, 150, 153, 154, 155, 156, 157, 160, 162, 163, 164, 165, 166, 167, 169, 171, 174, 179, 180, 181, 183, 184, 187, 192, 193, 195, 197, 199]
(Gen. 741) BestSol = Solution: cost=[3852.0], size=[94], elements=[4, 5, 7, 9, 16, 17, 18, 19, 21, 23, 25, 28, 30, 31, 33, 34, 37, 39, 45, 46, 47, 49, 51, 52, 54, 56, 61, 63, 67, 68, 69, 70, 72, 77, 80, 81, 83, 85, 86, 87, 88, 89, 93, 94, 99, 103, 106, 110, 111, 112, 114, 116, 117, 119, 121, 124, 125, 129, 131, 132, 137, 141, 144, 145, 147, 148, 150, 153, 154, 155, 156, 157, 160, 162, 163, 164, 165, 166, 167, 169, 171, 174, 179, 180, 181, 183, 184, 185, 187, 192, 193, 195, 197, 199]
(Gen. 815) BestSol = Solution: cost=[3859.0], size=[95], elements=[4, 5, 7, 9, 16, 17, 18, 19, 21, 23, 25, 28, 30, 31, 33, 34, 37, 39, 45, 47, 49, 51, 52, 54, 56, 61, 63, 67, 68, 69, 70, 72, 77, 80, 81, 83, 85, 86, 87, 88, 89, 93, 94, 99, 103, 106, 110, 111, 112, 114, 116, 117, 119, 121, 124, 125, 129, 131, 132, 137, 138, 141, 144, 145, 147, 148, 150, 153, 154, 155, 156, 157, 160, 162, 163, 164, 165, 166, 167, 169, 171, 174, 179, 180, 181, 183, 184, 185, 187, 192, 193, 195, 196, 197, 199]
(Gen. 884) BestSol = Solution: cost=[3879.0], size=[96], elements=[4, 5, 7, 8, 9, 16, 17, 18, 19, 21, 23, 25, 28, 30, 31, 33, 34, 37, 39, 45, 47, 49, 51, 52, 54, 56, 61, 63, 67, 68, 69, 70, 72, 77, 80, 81, 83, 85, 86, 87, 88, 89, 93, 94, 99, 103, 106, 110, 111, 112, 114, 116, 117, 119, 121, 124, 125, 129, 131, 132, 137, 138, 141, 144, 145, 147, 148, 150, 153, 154, 155, 156, 157, 160, 162, 163, 164, 165, 166, 167, 169, 171, 174, 179, 180, 181, 183, 184, 185, 187, 192, 193, 195, 196, 197, 199]
maxVal = Solution: cost=[3879.0], size=[96], elements=[4, 5, 7, 8, 9, 16, 17, 18, 19, 21, 23, 25, 28, 30, 31, 33, 34, 37, 39, 45, 47, 49, 51, 52, 54, 56, 61, 63, 67, 68, 69, 70, 72, 77, 80, 81, 83, 85, 86, 87, 88, 89, 93, 94, 99, 103, 106, 110, 111, 112, 114, 116, 117, 119, 121, 124, 125, 129, 131, 132, 137, 138, 141, 144, 145, 147, 148, 150, 153, 154, 155, 156, 157, 160, 162, 163, 164, 165, 166, 167, 169, 171, 174, 179, 180, 181, 183, 184, 185, 187, 192, 193, 195, 196, 197, 199]
Time = 502.486 seg
