(Gen. 0) BestSol = Solution: cost=[188.0], size=[24], elements=[0, 4, 16, 18, 19, 21, 24, 26, 27, 28, 29, 33, 35, 36, 41, 44, 45, 46, 49, 50, 51, 53, 54, 59]
(Gen. 1) BestSol = Solution: cost=[207.0], size=[23], elements=[0, 4, 16, 18, 19, 21, 22, 24, 27, 28, 29, 33, 35, 36, 41, 45, 46, 49, 50, 51, 53, 54, 59]
(Gen. 3) BestSol = Solution: cost=[209.0], size=[23], elements=[0, 1, 4, 8, 9, 16, 18, 20, 21, 23, 24, 28, 29, 30, 34, 40, 41, 42, 46, 49, 51, 52, 56]
(Gen. 4) BestSol = Solution: cost=[272.0], size=[20], elements=[1, 2, 3, 4, 9, 19, 21, 22, 23, 24, 28, 33, 42, 44, 45, 51, 55, 56, 57, 59]
(Gen. 7) BestSol = Solution: cost=[278.0], size=[22], elements=[0, 4, 5, 11, 14, 17, 21, 23, 24, 26, 29, 31, 35, 37, 38, 42, 43, 44, 49, 51, 53, 56]
(Gen. 10) BestSol = Solution: cost=[311.0], size=[23], elements=[1, 4, 7, 11, 13, 17, 21, 23, 24, 26, 29, 31, 35, 37, 38, 42, 43, 44, 50, 51, 53, 55, 56]
(Gen. 11) BestSol = Solution: cost=[327.0], size=[25], elements=[0, 2, 3, 4, 11, 14, 17, 18, 23, 24, 26, 28, 29, 31, 33, 34, 38, 41, 42, 44, 45, 49, 51, 56, 59]
(Gen. 15) BestSol = Solution: cost=[353.0], size=[23], elements=[0, 2, 13, 14, 23, 24, 26, 27, 29, 31, 35, 37, 38, 42, 43, 44, 45, 50, 51, 53, 55, 56, 59]
(Gen. 18) BestSol = Solution: cost=[354.0], size=[26], elements=[0, 2, 3, 4, 11, 14, 16, 17, 22, 24, 26, 28, 29, 34, 35, 38, 41, 44, 45, 49, 50, 51, 53, 55, 56, 59]
(Gen. 19) BestSol = Solution: cost=[399.0], size=[27], elements=[1, 2, 4, 11, 14, 17, 18, 23, 24, 26, 27, 29, 30, 32, 34, 35, 40, 41, 42, 44, 45, 49, 51, 53, 55, 56, 59]
(Gen. 20) BestSol = Solution: cost=[417.0], size=[25], elements=[2, 4, 11, 14, 17, 22, 23, 24, 27, 28, 29, 30, 32, 35, 38, 41, 42, 44, 45, 49, 51, 53, 55, 56, 59]
(Gen. 21) BestSol = Solution: cost=[449.0], size=[27], elements=[2, 4, 11, 14, 17, 18, 22, 23, 24, 26, 27, 28, 29, 30, 32, 35, 38, 41, 42, 44, 45, 49, 51, 53, 55, 56, 59]
(Gen. 23) BestSol = Solution: cost=[460.0], size=[25], elements=[2, 4, 11, 14, 17, 23, 24, 26, 27, 29, 30, 32, 33, 35, 38, 41, 42, 44, 45, 49, 51, 53, 55, 56, 59]
(Gen. 24) BestSol = Solution: cost=[468.0], size=[26], elements=[2, 3, 4, 11, 14, 17, 23, 24, 26, 27, 28, 29, 30, 32, 35, 38, 41, 42, 44, 45, 49, 51, 53, 55, 56, 59]
(Gen. 29) BestSol = Solution: cost=[474.0], size=[28], elements=[2, 3, 4, 11, 14, 16, 17, 23, 24, 26, 27, 28, 29, 30, 34, 35, 38, 40, 41, 42, 44, 45, 49, 51, 53, 55, 56, 59]
(Gen. 31) BestSol = Solution: cost=[476.0], size=[26], elements=[2, 4, 11, 14, 17, 22, 23, 24, 26, 27, 29, 31, 32, 34, 35, 38, 41, 42, 44, 45, 49, 51, 53, 55, 56, 59]
(Gen. 32) BestSol = Solution: cost=[488.0], size=[27], elements=[2, 4, 11, 14, 17, 22, 23, 24, 26, 27, 28, 29, 30, 32, 34, 35, 38, 41, 42, 44, 45, 49, 51, 53, 55, 56, 59]
(Gen. 38) BestSol = Solution: cost=[491.0], size=[26], elements=[2, 4, 11, 14, 17, 22, 23, 24, 26, 27, 28, 29, 30, 32, 34, 35, 38, 42, 44, 45, 49, 51, 53, 55, 56, 59]
(Gen. 39) BestSol = Solution: cost=[494.0], size=[28], elements=[2, 4, 11, 14, 17, 22, 23, 24, 26, 27, 28, 29, 30, 32, 34, 35, 38, 41, 42, 44, 45, 49, 51, 52, 53, 55, 56, 59]
(Gen. 40) BestSol = Solution: cost=[495.0], size=[27], elements=[2, 3, 4, 11, 14, 17, 22, 23, 24, 26, 27, 28, 29, 30, 32, 34, 35, 38, 42, 44, 45, 49, 51, 53, 55, 56, 59]
maxVal = Solution: cost=[495.0], size=[27], elements=[2, 3, 4, 11, 14, 17, 22, 23, 24, 26, 27, 28, 29, 30, 32, 34, 35, 38, 42, 44, 45, 49, 51, 53, 55, 56, 59]
Time = 48.906 seg
