(Gen. 0) BestSol = Solution: cost=[251.0], size=[29], elements=[0, 3, 8, 14, 15, 21, 22, 25, 29, 35, 39, 41, 43, 47, 48, 49, 50, 51, 55, 57, 58, 59, 61, 67, 71, 72, 74, 76, 77]
(Gen. 2) BestSol = Solution: cost=[336.0], size=[30], elements=[2, 3, 4, 6, 7, 8, 9, 10, 12, 14, 24, 26, 33, 34, 36, 39, 40, 42, 44, 45, 47, 49, 50, 61, 62, 64, 67, 74, 75, 76]
(Gen. 4) BestSol = Solution: cost=[345.0], size=[29], elements=[1, 2, 3, 4, 8, 11, 13, 15, 18, 19, 21, 23, 32, 36, 38, 41, 42, 47, 48, 49, 51, 54, 55, 60, 61, 65, 71, 74, 78]
(Gen. 5) BestSol = Solution: cost=[458.0], size=[28], elements=[1, 2, 3, 4, 8, 11, 13, 15, 18, 19, 21, 23, 29, 31, 37, 42, 47, 48, 49, 51, 54, 55, 60, 61, 65, 71, 74, 78]
(Gen. 6) BestSol = Solution: cost=[463.0], size=[28], elements=[1, 2, 3, 4, 8, 10, 11, 13, 15, 18, 19, 21, 23, 29, 31, 37, 42, 47, 48, 54, 58, 60, 61, 62, 64, 67, 74, 78]
(Gen. 8) BestSol = Solution: cost=[499.0], size=[26], elements=[1, 2, 3, 4, 8, 10, 11, 13, 15, 18, 19, 21, 23, 29, 31, 37, 42, 47, 48, 54, 58, 60, 61, 62, 64, 74]
(Gen. 10) BestSol = Solution: cost=[542.0], size=[27], elements=[1, 2, 3, 4, 8, 10, 11, 13, 15, 18, 19, 21, 23, 29, 31, 36, 37, 42, 48, 54, 58, 60, 61, 62, 64, 69, 74]
(Gen. 14) BestSol = Solution: cost=[561.0], size=[31], elements=[1, 2, 3, 4, 8, 10, 11, 12, 14, 18, 19, 22, 25, 29, 31, 37, 42, 43, 47, 48, 50, 54, 55, 58, 61, 62, 63, 64, 70, 71, 74]
(Gen. 15) BestSol = Solution: cost=[567.0], size=[25], elements=[1, 2, 3, 4, 8, 11, 13, 18, 19, 24, 29, 31, 36, 37, 42, 43, 44, 48, 49, 54, 58, 60, 61, 69, 71]
(Gen. 16) BestSol = Solution: cost=[600.0], size=[32], elements=[1, 2, 3, 4, 5, 8, 10, 11, 12, 14, 18, 19, 22, 25, 29, 31, 37, 42, 43, 47, 48, 50, 54, 58, 59, 61, 62, 63, 64, 70, 71, 74]
(Gen. 22) BestSol = Solution: cost=[603.0], size=[31], elements=[1, 2, 3, 4, 8, 11, 13, 18, 19, 23, 29, 31, 34, 36, 37, 42, 43, 44, 47, 48, 49, 54, 55, 58, 60, 61, 62, 64, 71, 75, 76]
(Gen. 23) BestSol = Solution: cost=[613.0], size=[30], elements=[1, 2, 3, 4, 8, 10, 11, 13, 15, 18, 19, 20, 22, 25, 31, 32, 36, 37, 42, 47, 48, 49, 50, 54, 60, 61, 62, 64, 71, 74]
(Gen. 24) BestSol = Solution: cost=[629.0], size=[31], elements=[1, 2, 3, 4, 8, 10, 11, 13, 15, 18, 19, 20, 22, 25, 31, 32, 36, 37, 42, 47, 48, 49, 50, 54, 58, 60, 61, 62, 64, 71, 74]
(Gen. 26) BestSol = Solution: cost=[642.0], size=[30], elements=[1, 2, 3, 4, 8, 10, 11, 13, 18, 19, 21, 22, 29, 31, 32, 37, 42, 43, 48, 49, 50, 54, 58, 60, 61, 62, 71, 74, 75, 76]
(Gen. 29) BestSol = Solution: cost=[662.0], size=[32], elements=[1, 2, 3, 4, 8, 11, 13, 18, 19, 21, 22, 23, 24, 31, 36, 37, 42, 43, 44, 47, 48, 49, 54, 55, 58, 60, 61, 62, 64, 71, 74, 76]
(Gen. 30) BestSol = Solution: cost=[673.0], size=[31], elements=[1, 2, 3, 4, 8, 10, 11, 13, 15, 18, 19, 21, 22, 24, 25, 31, 32, 36, 37, 42, 47, 48, 49, 50, 51, 54, 60, 61, 62, 69, 71]
(Gen. 33) BestSol = Solution: cost=[682.0], size=[33], elements=[1, 2, 3, 4, 5, 8, 10, 11, 13, 18, 19, 20, 22, 24, 31, 36, 37, 42, 44, 47, 48, 49, 50, 54, 60, 61, 62, 64, 69, 71, 73, 75, 76]
(Gen. 34) BestSol = Solution: cost=[684.0], size=[36], elements=[1, 2, 3, 4, 5, 8, 10, 11, 13, 15, 18, 19, 21, 22, 24, 25, 31, 32, 34, 37, 42, 47, 48, 49, 50, 51, 52, 54, 58, 60, 61, 62, 64, 71, 76, 79]
(Gen. 39) BestSol = Solution: cost=[725.0], size=[32], elements=[1, 2, 3, 4, 5, 8, 10, 11, 13, 18, 19, 22, 24, 31, 37, 42, 43, 44, 47, 48, 49, 50, 51, 54, 58, 60, 61, 62, 71, 73, 75, 76]
(Gen. 40) BestSol = Solution: cost=[760.0], size=[35], elements=[1, 2, 3, 4, 7, 8, 9, 10, 13, 18, 19, 21, 22, 24, 31, 37, 42, 43, 44, 47, 48, 49, 50, 51, 54, 55, 58, 60, 61, 62, 64, 71, 73, 75, 76]
(Gen. 49) BestSol = Solution: cost=[768.0], size=[35], elements=[1, 2, 3, 4, 8, 10, 11, 13, 16, 18, 19, 21, 22, 24, 31, 37, 42, 43, 44, 47, 48, 49, 50, 51, 54, 55, 58, 60, 61, 62, 64, 71, 73, 75, 76]
(Gen. 56) BestSol = Solution: cost=[771.0], size=[37], elements=[1, 2, 3, 4, 7, 8, 10, 11, 13, 15, 18, 19, 21, 22, 24, 31, 32, 37, 42, 44, 47, 48, 49, 50, 51, 54, 55, 58, 60, 61, 62, 64, 71, 73, 74, 75, 76]
(Gen. 57) BestSol = Solution: cost=[784.0], size=[35], elements=[1, 2, 3, 4, 5, 8, 10, 11, 13, 18, 19, 21, 22, 24, 31, 37, 42, 43, 44, 47, 48, 49, 50, 51, 52, 54, 58, 60, 61, 62, 71, 73, 74, 75, 76]
(Gen. 62) BestSol = Solution: cost=[795.0], size=[36], elements=[1, 2, 3, 4, 5, 8, 10, 11, 13, 18, 19, 21, 22, 24, 31, 32, 37, 42, 44, 47, 48, 49, 50, 51, 52, 54, 55, 58, 60, 61, 62, 71, 73, 74, 75, 76]
(Gen. 66) BestSol = Solution: cost=[812.0], size=[34], elements=[1, 2, 3, 4, 7, 8, 10, 13, 18, 19, 21, 22, 24, 31, 37, 42, 43, 44, 47, 48, 49, 50, 51, 52, 54, 55, 58, 60, 61, 62, 71, 73, 75, 76]
(Gen. 67) BestSol = Solution: cost=[825.0], size=[36], elements=[1, 2, 3, 4, 7, 8, 10, 11, 13, 18, 19, 21, 22, 24, 31, 37, 42, 43, 44, 47, 48, 49, 50, 51, 52, 54, 55, 58, 60, 61, 62, 71, 73, 74, 75, 76]
(Gen. 70) BestSol = Solution: cost=[830.0], size=[35], elements=[1, 2, 3, 4, 7, 8, 13, 18, 19, 21, 22, 24, 31, 37, 42, 43, 44, 47, 48, 49, 50, 51, 52, 54, 55, 58, 60, 61, 62, 64, 71, 73, 74, 75, 76]
(Gen. 75) BestSol = Solution: cost=[845.0], size=[35], elements=[1, 2, 3, 4, 7, 8, 13, 18, 19, 21, 22, 24, 31, 37, 42, 43, 44, 46, 47, 48, 49, 50, 51, 52, 54, 55, 58, 60, 61, 62, 64, 71, 73, 75, 76]
(Gen. 88) BestSol = Solution: cost=[851.0], size=[36], elements=[1, 2, 3, 4, 7, 8, 13, 18, 19, 21, 22, 24, 31, 37, 42, 43, 44, 46, 47, 48, 49, 50, 51, 52, 54, 55, 58, 60, 61, 62, 64, 71, 73, 74, 75, 76]
maxVal = Solution: cost=[851.0], size=[36], elements=[1, 2, 3, 4, 7, 8, 13, 18, 19, 21, 22, 24, 31, 37, 42, 43, 44, 46, 47, 48, 49, 50, 51, 52, 54, 55, 58, 60, 61, 62, 64, 71, 73, 74, 75, 76]
Time = 85.386 seg
