(Gen. 0) BestSol = Solution: cost=[438.0], size=[40], elements=[0, 1, 2, 3, 8, 9, 13, 15, 16, 17, 21, 23, 29, 33, 36, 37, 39, 44, 45, 47, 48, 49, 51, 59, 61, 62, 63, 65, 69, 71, 72, 74, 75, 76, 84, 91, 94, 96, 97, 98]
(Gen. 3) BestSol = Solution: cost=[563.0], size=[37], elements=[0, 1, 2, 3, 10, 12, 14, 15, 16, 17, 21, 23, 29, 33, 37, 39, 44, 45, 47, 48, 49, 51, 59, 61, 62, 63, 65, 69, 71, 72, 74, 75, 76, 84, 91, 94, 96]
(Gen. 9) BestSol = Solution: cost=[573.0], size=[37], elements=[1, 2, 3, 4, 9, 10, 11, 14, 16, 17, 19, 21, 23, 28, 36, 38, 40, 44, 45, 50, 51, 61, 62, 63, 68, 69, 71, 75, 77, 78, 79, 81, 83, 84, 89, 91, 94]
(Gen. 10) BestSol = Solution: cost=[594.0], size=[39], elements=[0, 1, 2, 3, 10, 12, 14, 15, 16, 17, 21, 23, 29, 33, 37, 39, 44, 45, 47, 48, 49, 51, 59, 61, 62, 63, 65, 69, 71, 72, 74, 75, 76, 79, 84, 92, 94, 96, 97]
(Gen. 11) BestSol = Solution: cost=[614.0], size=[37], elements=[1, 2, 3, 4, 9, 10, 11, 14, 16, 17, 19, 21, 23, 28, 36, 38, 40, 44, 45, 50, 51, 61, 62, 63, 68, 69, 71, 74, 77, 78, 79, 81, 83, 84, 89, 91, 94]
(Gen. 12) BestSol = Solution: cost=[655.0], size=[38], elements=[0, 1, 2, 3, 10, 12, 14, 15, 16, 17, 21, 23, 29, 33, 37, 39, 44, 45, 47, 48, 49, 51, 59, 61, 62, 63, 65, 69, 71, 72, 74, 75, 76, 79, 84, 91, 96, 97]
(Gen. 16) BestSol = Solution: cost=[667.0], size=[38], elements=[0, 1, 2, 3, 10, 12, 14, 15, 16, 17, 21, 23, 29, 33, 37, 39, 44, 45, 47, 48, 49, 51, 59, 61, 62, 63, 65, 69, 71, 72, 74, 75, 79, 81, 84, 91, 96, 97]
(Gen. 18) BestSol = Solution: cost=[706.0], size=[39], elements=[0, 1, 2, 3, 5, 9, 10, 14, 15, 16, 17, 21, 23, 29, 33, 37, 39, 44, 45, 47, 48, 49, 51, 59, 61, 62, 63, 65, 69, 71, 72, 74, 75, 79, 81, 84, 91, 96, 97]
(Gen. 19) BestSol = Solution: cost=[716.0], size=[36], elements=[1, 2, 3, 4, 10, 14, 16, 17, 18, 19, 22, 23, 29, 33, 44, 45, 50, 51, 57, 59, 61, 62, 63, 68, 71, 74, 78, 82, 84, 85, 89, 90, 91, 92, 94, 96]
(Gen. 21) BestSol = Solution: cost=[748.0], size=[33], elements=[2, 4, 5, 9, 10, 14, 16, 17, 18, 19, 21, 23, 29, 34, 42, 44, 45, 48, 50, 51, 61, 62, 63, 69, 71, 72, 73, 79, 84, 85, 92, 94, 98]
(Gen. 22) BestSol = Solution: cost=[788.0], size=[38], elements=[1, 2, 3, 4, 5, 9, 10, 14, 16, 17, 18, 19, 22, 23, 29, 33, 44, 45, 50, 51, 57, 59, 61, 62, 63, 68, 71, 74, 78, 82, 84, 85, 89, 90, 91, 92, 94, 96]
(Gen. 23) BestSol = Solution: cost=[835.0], size=[38], elements=[1, 2, 3, 4, 5, 9, 10, 14, 16, 17, 18, 19, 22, 23, 29, 33, 44, 45, 50, 51, 57, 59, 61, 62, 63, 68, 71, 74, 78, 79, 84, 85, 89, 90, 91, 92, 94, 96]
(Gen. 24) BestSol = Solution: cost=[861.0], size=[39], elements=[1, 2, 3, 4, 5, 9, 10, 14, 16, 17, 18, 19, 22, 23, 29, 33, 44, 45, 50, 51, 57, 59, 61, 62, 63, 68, 69, 71, 74, 78, 79, 84, 85, 89, 90, 91, 92, 94, 96]
(Gen. 33) BestSol = Solution: cost=[1002.0], size=[39], elements=[1, 2, 3, 4, 5, 7, 9, 10, 14, 16, 17, 18, 19, 20, 23, 29, 33, 38, 42, 44, 45, 50, 51, 57, 61, 62, 63, 68, 69, 71, 72, 74, 78, 79, 84, 85, 92, 94, 96]
(Gen. 40) BestSol = Solution: cost=[1011.0], size=[39], elements=[1, 2, 3, 4, 5, 7, 9, 10, 14, 16, 17, 18, 19, 22, 23, 29, 33, 38, 42, 44, 45, 50, 51, 57, 61, 62, 63, 68, 69, 71, 72, 74, 78, 79, 84, 85, 92, 94, 96]
(Gen. 43) BestSol = Solution: cost=[1050.0], size=[44], elements=[0, 2, 3, 5, 7, 9, 10, 14, 16, 17, 18, 19, 20, 22, 23, 29, 33, 34, 38, 42, 44, 45, 50, 51, 57, 61, 62, 63, 68, 69, 71, 74, 78, 79, 80, 81, 84, 85, 89, 90, 91, 92, 94, 96]
(Gen. 49) BestSol = Solution: cost=[1054.0], size=[44], elements=[0, 2, 3, 5, 7, 9, 10, 14, 16, 17, 18, 19, 20, 22, 23, 28, 29, 33, 34, 38, 42, 44, 45, 50, 51, 57, 61, 62, 63, 68, 69, 71, 74, 78, 79, 81, 84, 85, 89, 90, 91, 92, 94, 96]
(Gen. 52) BestSol = Solution: cost=[1067.0], size=[41], elements=[1, 2, 7, 9, 10, 14, 16, 17, 18, 19, 20, 22, 23, 28, 29, 33, 34, 38, 42, 44, 45, 50, 51, 57, 61, 62, 63, 68, 69, 71, 74, 78, 82, 84, 85, 89, 90, 91, 92, 94, 96]
(Gen. 53) BestSol = Solution: cost=[1108.0], size=[44], elements=[1, 2, 7, 9, 10, 12, 14, 16, 17, 18, 19, 20, 22, 23, 28, 29, 33, 34, 38, 42, 44, 45, 50, 51, 57, 61, 62, 63, 67, 68, 69, 71, 72, 74, 78, 79, 81, 84, 85, 90, 91, 92, 94, 96]
(Gen. 57) BestSol = Solution: cost=[1125.0], size=[43], elements=[1, 2, 7, 9, 10, 14, 16, 17, 18, 19, 20, 22, 23, 28, 29, 33, 34, 38, 42, 44, 45, 50, 51, 57, 61, 62, 63, 67, 68, 69, 71, 72, 74, 78, 79, 81, 84, 85, 90, 91, 92, 94, 96]
(Gen. 58) BestSol = Solution: cost=[1129.0], size=[45], elements=[2, 3, 7, 9, 10, 14, 16, 17, 18, 19, 20, 22, 23, 28, 29, 33, 34, 38, 42, 44, 45, 50, 51, 56, 57, 59, 61, 62, 63, 67, 68, 69, 71, 72, 73, 74, 78, 79, 81, 84, 85, 91, 92, 94, 96]
(Gen. 61) BestSol = Solution: cost=[1161.0], size=[43], elements=[2, 7, 9, 10, 14, 16, 17, 18, 19, 20, 22, 23, 24, 29, 33, 34, 38, 42, 44, 45, 50, 51, 56, 57, 61, 62, 63, 64, 67, 68, 69, 71, 72, 73, 74, 78, 79, 84, 85, 90, 91, 92, 96]
(Gen. 66) BestSol = Solution: cost=[1175.0], size=[45], elements=[2, 3, 7, 9, 10, 14, 16, 17, 18, 19, 20, 22, 23, 25, 29, 33, 34, 38, 42, 44, 45, 50, 51, 56, 57, 61, 62, 63, 64, 67, 68, 69, 71, 72, 73, 74, 78, 79, 84, 85, 90, 91, 92, 94, 96]
(Gen. 73) BestSol = Solution: cost=[1182.0], size=[43], elements=[2, 3, 7, 9, 10, 14, 16, 17, 18, 19, 20, 22, 23, 25, 28, 29, 33, 34, 38, 42, 44, 45, 50, 51, 57, 61, 62, 63, 64, 67, 68, 69, 71, 72, 73, 74, 78, 79, 84, 85, 90, 92, 96]
(Gen. 75) BestSol = Solution: cost=[1199.0], size=[46], elements=[0, 2, 7, 9, 10, 14, 16, 17, 18, 19, 20, 22, 23, 24, 25, 28, 29, 33, 34, 38, 42, 44, 45, 50, 51, 57, 61, 62, 63, 64, 67, 68, 69, 71, 72, 74, 78, 79, 84, 85, 86, 90, 91, 92, 94, 96]
(Gen. 77) BestSol = Solution: cost=[1209.0], size=[44], elements=[2, 7, 9, 10, 14, 16, 17, 18, 19, 20, 22, 23, 25, 29, 33, 34, 38, 42, 44, 45, 50, 51, 56, 57, 61, 62, 63, 64, 67, 68, 69, 71, 72, 73, 74, 78, 79, 84, 85, 90, 91, 92, 94, 96]
(Gen. 78) BestSol = Solution: cost=[1211.0], size=[44], elements=[2, 7, 9, 10, 14, 16, 17, 18, 19, 20, 22, 23, 25, 29, 33, 34, 38, 42, 44, 45, 50, 51, 56, 57, 61, 62, 63, 64, 67, 68, 69, 71, 72, 73, 74, 78, 79, 84, 85, 86, 90, 91, 92, 96]
(Gen. 79) BestSol = Solution: cost=[1216.0], size=[45], elements=[2, 5, 7, 9, 10, 14, 16, 17, 18, 19, 20, 22, 23, 24, 25, 28, 29, 33, 34, 38, 42, 44, 45, 50, 51, 56, 57, 61, 62, 63, 64, 67, 68, 69, 71, 72, 73, 74, 78, 79, 84, 85, 90, 92, 96]
(Gen. 83) BestSol = Solution: cost=[1218.0], size=[46], elements=[2, 5, 7, 9, 10, 14, 16, 17, 18, 19, 20, 22, 23, 24, 25, 28, 29, 33, 34, 38, 42, 44, 45, 50, 51, 56, 57, 61, 62, 63, 64, 67, 68, 69, 71, 72, 74, 78, 79, 84, 85, 86, 90, 91, 92, 96]
(Gen. 84) BestSol = Solution: cost=[1222.0], size=[46], elements=[2, 5, 7, 9, 10, 14, 16, 17, 18, 19, 20, 22, 23, 24, 25, 28, 29, 33, 34, 38, 42, 44, 45, 50, 51, 56, 57, 61, 62, 63, 64, 67, 68, 69, 71, 72, 73, 74, 78, 79, 84, 85, 90, 92, 94, 96]
(Gen. 88) BestSol = Solution: cost=[1237.0], size=[45], elements=[2, 7, 9, 10, 14, 16, 17, 18, 19, 20, 22, 23, 28, 29, 33, 34, 38, 42, 44, 45, 50, 51, 56, 57, 61, 62, 63, 64, 67, 68, 69, 71, 72, 73, 74, 78, 79, 84, 85, 86, 90, 91, 92, 94, 96]
(Gen. 89) BestSol = Solution: cost=[1240.0], size=[45], elements=[2, 7, 9, 10, 14, 16, 17, 18, 19, 20, 22, 23, 25, 28, 29, 33, 34, 38, 42, 44, 45, 50, 51, 57, 61, 62, 63, 64, 67, 68, 69, 71, 72, 73, 74, 78, 79, 84, 85, 86, 90, 91, 92, 94, 96]
(Gen. 90) BestSol = Solution: cost=[1259.0], size=[47], elements=[2, 7, 9, 10, 14, 16, 17, 18, 19, 20, 22, 23, 24, 25, 28, 29, 33, 34, 38, 42, 44, 45, 50, 51, 56, 57, 61, 62, 63, 64, 67, 68, 69, 71, 72, 73, 74, 78, 79, 84, 85, 86, 90, 91, 92, 94, 96]
(Gen. 96) BestSol = Solution: cost=[1263.0], size=[46], elements=[2, 7, 9, 10, 14, 16, 17, 18, 19, 20, 22, 23, 25, 28, 29, 33, 34, 38, 42, 44, 45, 50, 51, 56, 57, 61, 62, 63, 64, 67, 68, 69, 71, 72, 73, 74, 78, 79, 84, 85, 86, 90, 91, 92, 94, 96]
maxVal = Solution: cost=[1263.0], size=[46], elements=[2, 7, 9, 10, 14, 16, 17, 18, 19, 20, 22, 23, 25, 28, 29, 33, 34, 38, 42, 44, 45, 50, 51, 56, 57, 61, 62, 63, 64, 67, 68, 69, 71, 72, 73, 74, 78, 79, 84, 85, 86, 90, 91, 92, 94, 96]
Time = 132.426 seg
