(Gen. 0) BestSol = Solution: cost=[942.0], size=[75], elements=[8, 9, 13, 14, 16, 19, 23, 29, 31, 43, 44, 46, 47, 49, 50, 51, 53, 56, 58, 59, 63, 65, 67, 69, 70, 72, 73, 74, 76, 78, 80, 82, 84, 86, 88, 90, 95, 97, 99, 100, 105, 107, 110, 111, 114, 126, 131, 135, 137, 139, 140, 142, 143, 144, 146, 154, 155, 157, 162, 167, 168, 171, 172, 173, 174, 177, 179, 180, 184, 186, 190, 191, 192, 198, 199]
(Gen. 1) BestSol = Solution: cost=[1119.0], size=[80], elements=[8, 9, 13, 16, 19, 23, 29, 31, 43, 44, 46, 47, 49, 50, 51, 53, 56, 59, 63, 65, 67, 69, 70, 72, 73, 74, 76, 78, 80, 82, 84, 86, 87, 88, 90, 95, 97, 99, 100, 105, 107, 111, 112, 114, 118, 123, 125, 126, 127, 128, 129, 131, 134, 138, 139, 140, 141, 143, 144, 148, 154, 155, 157, 162, 167, 168, 171, 172, 173, 174, 177, 179, 180, 184, 186, 190, 191, 192, 198, 199]
(Gen. 3) BestSol = Solution: cost=[1180.0], size=[78], elements=[1, 2, 5, 8, 12, 13, 14, 17, 19, 20, 23, 25, 28, 29, 30, 31, 33, 42, 43, 46, 55, 56, 62, 66, 69, 72, 80, 82, 83, 86, 87, 94, 95, 96, 100, 106, 110, 112, 116, 117, 119, 123, 124, 125, 126, 127, 128, 130, 132, 133, 139, 141, 143, 145, 146, 148, 150, 153, 155, 157, 159, 160, 163, 164, 166, 170, 171, 174, 178, 181, 182, 183, 184, 186, 188, 192, 196, 197]
(Gen. 4) BestSol = Solution: cost=[1226.0], size=[74], elements=[1, 2, 5, 8, 12, 14, 17, 19, 20, 23, 25, 28, 29, 30, 31, 42, 43, 46, 55, 56, 62, 66, 69, 72, 80, 82, 83, 86, 87, 94, 95, 96, 100, 106, 110, 112, 116, 117, 119, 123, 124, 125, 126, 127, 128, 131, 133, 134, 136, 138, 140, 147, 148, 149, 152, 154, 156, 157, 159, 160, 163, 164, 166, 170, 171, 174, 178, 181, 182, 183, 186, 188, 196, 197]
(Gen. 5) BestSol = Solution: cost=[1474.0], size=[75], elements=[1, 4, 6, 9, 11, 17, 19, 21, 24, 25, 28, 29, 31, 37, 38, 41, 42, 43, 44, 46, 47, 48, 49, 50, 54, 58, 61, 63, 65, 70, 77, 80, 82, 84, 85, 86, 91, 92, 94, 99, 102, 105, 108, 109, 110, 112, 113, 116, 124, 125, 131, 132, 133, 136, 139, 142, 145, 147, 148, 153, 154, 156, 157, 159, 160, 164, 165, 166, 168, 171, 176, 184, 185, 190, 197]
(Gen. 15) BestSol = Solution: cost=[1517.0], size=[65], elements=[4, 6, 7, 9, 11, 13, 15, 23, 24, 25, 33, 34, 36, 45, 51, 54, 56, 63, 66, 67, 69, 73, 76, 77, 80, 81, 82, 83, 87, 91, 92, 99, 105, 108, 109, 110, 112, 113, 116, 121, 124, 125, 137, 139, 141, 143, 145, 147, 148, 154, 155, 157, 158, 163, 166, 168, 173, 177, 183, 184, 185, 189, 195, 196, 199]
(Gen. 16) BestSol = Solution: cost=[1571.0], size=[69], elements=[1, 5, 7, 8, 12, 14, 17, 19, 20, 21, 23, 25, 27, 28, 29, 30, 38, 43, 45, 46, 50, 52, 53, 54, 55, 66, 69, 72, 80, 83, 84, 88, 92, 93, 95, 99, 101, 104, 105, 108, 110, 114, 116, 119, 123, 125, 126, 131, 134, 145, 148, 150, 153, 154, 155, 158, 160, 162, 163, 164, 167, 169, 176, 177, 179, 181, 184, 195, 196]
(Gen. 18) BestSol = Solution: cost=[1700.0], size=[67], elements=[4, 9, 16, 17, 18, 19, 21, 23, 28, 29, 30, 31, 33, 43, 46, 49, 51, 53, 54, 61, 67, 69, 80, 82, 84, 88, 92, 93, 94, 95, 96, 97, 101, 105, 108, 110, 114, 116, 118, 119, 125, 129, 131, 133, 139, 141, 145, 147, 148, 153, 154, 155, 156, 157, 164, 166, 167, 171, 172, 174, 179, 180, 183, 184, 195, 197, 199]
(Gen. 19) BestSol = Solution: cost=[1791.0], size=[76], elements=[1, 4, 5, 6, 8, 9, 11, 13, 14, 17, 19, 22, 23, 25, 26, 29, 30, 34, 41, 44, 45, 46, 50, 53, 56, 66, 70, 72, 80, 83, 85, 86, 87, 88, 93, 94, 95, 99, 100, 107, 110, 111, 112, 114, 118, 119, 124, 125, 127, 138, 141, 143, 145, 146, 150, 153, 154, 155, 157, 159, 160, 163, 164, 166, 172, 173, 177, 179, 180, 183, 184, 185, 186, 192, 194, 199]
(Gen. 22) BestSol = Solution: cost=[1797.0], size=[69], elements=[4, 5, 6, 9, 11, 14, 17, 19, 20, 22, 23, 25, 28, 30, 31, 43, 44, 45, 53, 54, 56, 60, 62, 66, 69, 72, 80, 81, 83, 85, 86, 87, 89, 92, 94, 99, 104, 106, 110, 116, 117, 123, 124, 134, 139, 144, 145, 148, 152, 153, 154, 155, 156, 157, 160, 162, 164, 166, 169, 171, 172, 176, 178, 184, 188, 193, 195, 196, 198]
(Gen. 23) BestSol = Solution: cost=[1867.0], size=[77], elements=[1, 4, 5, 6, 8, 9, 11, 13, 14, 17, 19, 22, 23, 25, 26, 29, 30, 34, 41, 44, 45, 46, 50, 53, 54, 62, 66, 70, 72, 80, 83, 85, 86, 87, 88, 93, 94, 95, 99, 100, 107, 110, 111, 112, 114, 118, 119, 124, 125, 127, 138, 141, 143, 145, 146, 150, 153, 154, 155, 157, 159, 160, 163, 164, 166, 172, 173, 177, 179, 180, 183, 184, 185, 186, 192, 194, 199]
(Gen. 25) BestSol = Solution: cost=[1934.0], size=[65], elements=[4, 5, 6, 9, 12, 17, 19, 21, 23, 25, 28, 29, 30, 34, 45, 50, 54, 56, 59, 63, 66, 68, 70, 80, 81, 85, 86, 87, 89, 94, 99, 100, 107, 110, 111, 112, 114, 118, 119, 124, 125, 130, 134, 141, 145, 153, 154, 155, 156, 157, 162, 164, 165, 166, 167, 171, 174, 176, 179, 184, 187, 192, 195, 196, 199]
(Gen. 26) BestSol = Solution: cost=[2006.0], size=[64], elements=[4, 5, 6, 9, 12, 17, 19, 21, 23, 28, 29, 30, 34, 45, 50, 56, 59, 63, 66, 68, 70, 80, 81, 85, 86, 87, 89, 94, 99, 100, 106, 110, 111, 112, 114, 118, 119, 124, 125, 130, 134, 141, 145, 153, 154, 155, 156, 157, 162, 164, 165, 166, 167, 171, 174, 176, 179, 184, 187, 192, 193, 195, 196, 199]
(Gen. 28) BestSol = Solution: cost=[2023.0], size=[67], elements=[4, 5, 6, 9, 14, 17, 19, 20, 21, 23, 25, 28, 30, 34, 36, 37, 46, 47, 49, 54, 66, 69, 72, 73, 74, 80, 81, 83, 85, 86, 87, 94, 106, 107, 110, 112, 114, 116, 117, 119, 129, 137, 138, 139, 141, 145, 147, 148, 154, 155, 157, 160, 162, 164, 166, 167, 169, 173, 179, 180, 184, 192, 193, 194, 195, 196, 199]
(Gen. 30) BestSol = Solution: cost=[2221.0], size=[69], elements=[4, 5, 6, 7, 9, 11, 12, 13, 14, 17, 19, 23, 26, 29, 30, 31, 43, 45, 49, 50, 52, 54, 61, 63, 66, 67, 69, 73, 76, 80, 81, 85, 86, 93, 94, 99, 100, 106, 110, 111, 112, 114, 118, 119, 124, 125, 130, 134, 141, 145, 153, 154, 157, 162, 164, 165, 166, 167, 171, 174, 176, 179, 184, 187, 192, 193, 195, 196, 199]
(Gen. 36) BestSol = Solution: cost=[2264.0], size=[78], elements=[1, 5, 6, 7, 8, 9, 11, 13, 14, 17, 19, 23, 26, 29, 30, 31, 43, 49, 53, 54, 55, 56, 63, 66, 67, 69, 72, 73, 80, 81, 83, 84, 85, 87, 88, 94, 96, 99, 100, 103, 104, 106, 108, 110, 113, 114, 116, 117, 121, 123, 130, 131, 134, 141, 142, 143, 145, 147, 148, 153, 154, 155, 157, 160, 166, 167, 169, 171, 174, 175, 179, 180, 183, 184, 192, 195, 196, 199]
(Gen. 38) BestSol = Solution: cost=[2380.0], size=[71], elements=[4, 7, 8, 9, 11, 13, 17, 19, 20, 23, 25, 29, 30, 31, 45, 49, 54, 63, 66, 67, 69, 70, 72, 80, 83, 85, 86, 88, 89, 94, 99, 103, 110, 111, 114, 116, 119, 123, 124, 125, 134, 137, 140, 141, 145, 147, 150, 153, 154, 155, 156, 157, 159, 160, 162, 163, 164, 166, 167, 171, 177, 179, 180, 183, 184, 187, 192, 193, 195, 196, 197]
(Gen. 39) BestSol = Solution: cost=[2420.0], size=[78], elements=[5, 7, 9, 16, 17, 19, 20, 23, 24, 25, 26, 29, 30, 31, 39, 45, 49, 54, 56, 57, 63, 66, 67, 69, 70, 72, 80, 81, 82, 83, 85, 86, 87, 93, 94, 96, 99, 103, 104, 106, 108, 110, 111, 114, 116, 119, 125, 127, 131, 134, 138, 141, 143, 145, 147, 154, 155, 157, 159, 160, 162, 163, 164, 165, 166, 167, 170, 171, 174, 179, 182, 184, 191, 192, 193, 195, 196, 199]
(Gen. 41) BestSol = Solution: cost=[2455.0], size=[70], elements=[4, 7, 8, 9, 11, 13, 17, 19, 23, 25, 28, 29, 30, 34, 43, 45, 49, 54, 58, 61, 62, 69, 70, 72, 80, 81, 83, 84, 85, 86, 93, 94, 99, 100, 101, 103, 106, 110, 112, 116, 117, 119, 121, 125, 133, 137, 141, 143, 144, 145, 147, 148, 153, 154, 155, 157, 160, 165, 166, 167, 171, 176, 179, 181, 183, 184, 190, 193, 196, 198]
(Gen. 42) BestSol = Solution: cost=[2467.0], size=[75], elements=[5, 7, 9, 11, 12, 13, 14, 17, 19, 23, 26, 29, 30, 31, 43, 45, 49, 52, 54, 61, 62, 63, 66, 67, 69, 70, 72, 73, 76, 80, 81, 83, 85, 93, 94, 99, 100, 106, 110, 111, 112, 114, 116, 119, 124, 125, 127, 137, 141, 145, 148, 153, 154, 155, 156, 157, 158, 162, 164, 165, 166, 167, 168, 171, 173, 174, 176, 179, 183, 184, 187, 192, 195, 196, 199]
(Gen. 44) BestSol = Solution: cost=[2490.0], size=[75], elements=[5, 7, 9, 11, 12, 13, 14, 17, 19, 23, 26, 29, 30, 43, 45, 49, 52, 54, 61, 62, 63, 66, 67, 69, 70, 72, 73, 76, 80, 81, 85, 86, 89, 92, 94, 96, 99, 106, 110, 111, 112, 114, 116, 119, 124, 125, 127, 137, 141, 145, 148, 153, 154, 155, 156, 157, 158, 162, 164, 165, 166, 167, 168, 171, 173, 174, 176, 179, 183, 184, 187, 192, 195, 196, 199]
(Gen. 47) BestSol = Solution: cost=[2519.0], size=[76], elements=[5, 7, 9, 11, 12, 13, 14, 17, 19, 23, 26, 29, 30, 43, 45, 49, 52, 54, 61, 62, 66, 67, 69, 70, 72, 73, 76, 80, 81, 85, 86, 89, 92, 94, 96, 99, 106, 110, 111, 112, 114, 116, 117, 119, 121, 124, 125, 137, 141, 145, 148, 153, 154, 155, 156, 157, 158, 162, 164, 165, 166, 167, 168, 171, 173, 174, 176, 179, 183, 184, 185, 187, 192, 195, 196, 199]
(Gen. 48) BestSol = Solution: cost=[2633.0], size=[76], elements=[4, 9, 11, 14, 17, 19, 21, 23, 25, 28, 29, 30, 31, 34, 39, 45, 49, 51, 52, 53, 54, 55, 56, 63, 66, 67, 69, 70, 72, 74, 80, 81, 83, 86, 88, 94, 95, 96, 99, 103, 105, 106, 114, 116, 119, 125, 134, 136, 138, 139, 141, 143, 145, 147, 148, 153, 154, 155, 156, 157, 160, 162, 164, 166, 167, 169, 171, 176, 179, 183, 184, 192, 193, 195, 196, 199]
(Gen. 52) BestSol = Solution: cost=[2642.0], size=[75], elements=[4, 5, 6, 7, 9, 11, 12, 17, 19, 20, 23, 24, 25, 28, 30, 31, 34, 39, 43, 45, 49, 54, 56, 62, 63, 66, 69, 70, 72, 73, 80, 82, 83, 85, 86, 88, 89, 99, 100, 103, 108, 110, 114, 116, 117, 119, 125, 132, 138, 141, 145, 147, 148, 153, 154, 155, 156, 157, 158, 162, 164, 165, 166, 167, 172, 174, 176, 179, 181, 184, 187, 192, 194, 195, 199]
(Gen. 53) BestSol = Solution: cost=[2813.0], size=[78], elements=[4, 5, 7, 9, 13, 14, 17, 19, 20, 23, 26, 29, 30, 31, 43, 45, 49, 50, 54, 61, 62, 63, 66, 67, 69, 70, 72, 74, 80, 83, 85, 86, 88, 89, 94, 99, 101, 103, 110, 111, 114, 116, 119, 121, 123, 124, 125, 137, 138, 141, 143, 145, 147, 148, 153, 154, 155, 156, 157, 158, 162, 164, 165, 166, 167, 171, 173, 174, 176, 179, 184, 187, 192, 193, 194, 195, 196, 199]
(Gen. 63) BestSol = Solution: cost=[2880.0], size=[81], elements=[4, 5, 7, 9, 13, 14, 17, 19, 20, 23, 26, 29, 30, 31, 43, 45, 49, 50, 54, 61, 62, 63, 66, 67, 69, 70, 72, 74, 80, 83, 85, 86, 88, 89, 93, 94, 99, 101, 103, 110, 111, 114, 116, 119, 121, 124, 125, 127, 130, 134, 137, 138, 141, 143, 145, 147, 148, 153, 154, 155, 156, 157, 158, 162, 164, 165, 166, 167, 171, 173, 174, 176, 179, 184, 187, 192, 193, 194, 195, 196, 199]
(Gen. 66) BestSol = Solution: cost=[2884.0], size=[80], elements=[4, 5, 7, 9, 13, 14, 17, 19, 20, 23, 26, 29, 30, 31, 43, 45, 49, 50, 54, 61, 62, 63, 66, 67, 69, 70, 72, 74, 80, 83, 85, 86, 88, 89, 93, 94, 99, 103, 110, 111, 114, 116, 119, 121, 124, 125, 127, 130, 134, 137, 138, 141, 143, 145, 147, 148, 153, 154, 155, 156, 157, 158, 162, 164, 165, 166, 167, 171, 173, 174, 176, 179, 184, 186, 187, 192, 193, 195, 196, 199]
(Gen. 67) BestSol = Solution: cost=[2907.0], size=[77], elements=[4, 5, 7, 9, 13, 14, 17, 19, 20, 23, 26, 29, 30, 31, 43, 45, 49, 50, 54, 61, 62, 63, 66, 67, 69, 70, 72, 74, 80, 83, 85, 86, 88, 89, 93, 94, 99, 101, 103, 110, 111, 114, 116, 119, 121, 124, 125, 127, 134, 138, 141, 143, 145, 147, 148, 153, 154, 155, 156, 157, 158, 162, 164, 165, 166, 167, 171, 173, 174, 176, 179, 183, 184, 192, 195, 196, 199]
(Gen. 69) BestSol = Solution: cost=[2932.0], size=[80], elements=[4, 5, 7, 9, 11, 17, 19, 20, 23, 28, 29, 30, 31, 34, 36, 43, 45, 49, 54, 56, 61, 62, 63, 66, 67, 69, 70, 72, 74, 80, 83, 85, 86, 88, 89, 93, 94, 99, 103, 110, 111, 114, 116, 119, 121, 124, 125, 127, 134, 138, 140, 141, 143, 145, 147, 148, 153, 154, 155, 156, 157, 159, 160, 162, 164, 166, 167, 169, 171, 174, 179, 183, 184, 187, 192, 193, 195, 196, 198, 199]
(Gen. 74) BestSol = Solution: cost=[3140.0], size=[80], elements=[4, 5, 7, 9, 11, 17, 19, 21, 23, 28, 29, 30, 31, 34, 43, 45, 49, 50, 51, 54, 56, 61, 62, 63, 66, 69, 70, 72, 80, 81, 85, 86, 88, 89, 92, 99, 100, 103, 106, 110, 112, 114, 116, 117, 119, 121, 124, 125, 134, 137, 138, 141, 145, 147, 148, 153, 154, 155, 156, 157, 159, 160, 162, 163, 164, 165, 166, 167, 171, 174, 176, 179, 181, 184, 192, 193, 195, 196, 197, 199]
(Gen. 76) BestSol = Solution: cost=[3185.0], size=[82], elements=[4, 5, 7, 9, 17, 18, 19, 20, 23, 24, 25, 28, 29, 30, 31, 34, 36, 38, 45, 47, 49, 51, 54, 56, 61, 62, 63, 66, 67, 69, 72, 74, 80, 83, 85, 86, 88, 89, 93, 94, 99, 103, 105, 110, 111, 114, 116, 119, 121, 124, 127, 132, 137, 138, 139, 141, 145, 147, 148, 154, 155, 156, 157, 160, 162, 163, 164, 166, 167, 169, 171, 174, 176, 179, 183, 184, 192, 193, 195, 196, 198, 199]
(Gen. 87) BestSol = Solution: cost=[3212.0], size=[81], elements=[4, 5, 7, 9, 17, 18, 19, 20, 23, 25, 28, 29, 30, 31, 34, 36, 38, 45, 47, 49, 51, 54, 56, 61, 62, 63, 67, 69, 72, 74, 80, 83, 85, 86, 88, 89, 93, 94, 99, 103, 105, 110, 111, 114, 116, 119, 121, 124, 127, 131, 132, 137, 138, 139, 141, 145, 147, 148, 154, 155, 156, 157, 160, 162, 163, 164, 166, 167, 169, 171, 173, 174, 179, 183, 184, 192, 193, 195, 196, 198, 199]
(Gen. 89) BestSol = Solution: cost=[3257.0], size=[86], elements=[4, 5, 7, 9, 11, 17, 18, 19, 20, 23, 24, 25, 28, 29, 30, 31, 34, 36, 38, 45, 47, 49, 51, 54, 56, 61, 62, 63, 66, 67, 69, 70, 72, 73, 74, 79, 80, 81, 85, 86, 88, 89, 92, 94, 99, 103, 105, 110, 111, 114, 116, 119, 121, 124, 127, 132, 137, 138, 139, 141, 145, 147, 148, 154, 155, 156, 157, 160, 162, 163, 164, 166, 167, 169, 171, 174, 176, 179, 183, 184, 192, 193, 195, 196, 198, 199]
(Gen. 99) BestSol = Solution: cost=[3336.0], size=[83], elements=[4, 5, 7, 9, 17, 18, 19, 23, 25, 28, 29, 30, 31, 34, 42, 45, 49, 50, 51, 54, 56, 61, 62, 63, 66, 67, 69, 70, 72, 74, 80, 81, 82, 83, 85, 86, 88, 89, 94, 99, 103, 104, 106, 110, 111, 114, 116, 117, 119, 124, 125, 127, 131, 137, 138, 139, 141, 145, 148, 153, 154, 155, 156, 157, 160, 162, 163, 164, 165, 166, 167, 169, 171, 174, 179, 183, 184, 188, 192, 193, 195, 196, 199]
(Gen. 106) BestSol = Solution: cost=[3397.0], size=[84], elements=[4, 5, 7, 9, 17, 18, 19, 23, 25, 28, 29, 30, 31, 34, 42, 45, 49, 50, 51, 54, 56, 61, 62, 63, 66, 67, 69, 70, 72, 74, 80, 81, 82, 83, 85, 86, 88, 89, 94, 99, 103, 104, 106, 110, 111, 114, 116, 117, 119, 124, 125, 127, 131, 137, 138, 139, 141, 145, 147, 148, 153, 154, 155, 156, 157, 160, 162, 163, 164, 165, 166, 167, 169, 171, 174, 179, 183, 184, 188, 192, 193, 195, 196, 199]
(Gen. 107) BestSol = Solution: cost=[3408.0], size=[85], elements=[4, 5, 7, 9, 17, 18, 19, 23, 25, 28, 29, 30, 31, 34, 42, 45, 47, 49, 50, 51, 54, 56, 61, 62, 63, 66, 67, 69, 70, 72, 74, 80, 81, 82, 83, 85, 86, 88, 89, 94, 99, 103, 104, 106, 110, 111, 114, 116, 117, 119, 124, 125, 127, 131, 137, 138, 139, 141, 145, 147, 148, 153, 154, 155, 156, 157, 160, 163, 164, 165, 166, 167, 169, 171, 174, 179, 181, 183, 184, 192, 193, 195, 196, 198, 199]
(Gen. 108) BestSol = Solution: cost=[3438.0], size=[85], elements=[4, 5, 7, 9, 17, 18, 19, 21, 23, 25, 28, 29, 30, 31, 34, 42, 45, 49, 50, 51, 54, 56, 61, 62, 63, 66, 67, 69, 70, 72, 74, 80, 81, 82, 83, 85, 86, 88, 89, 94, 99, 103, 104, 106, 110, 111, 114, 116, 117, 119, 124, 125, 127, 131, 137, 138, 139, 141, 145, 147, 148, 153, 154, 155, 156, 157, 160, 162, 163, 164, 165, 166, 167, 169, 171, 174, 179, 183, 184, 188, 192, 193, 195, 196, 199]
(Gen. 110) BestSol = Solution: cost=[3493.0], size=[84], elements=[4, 5, 7, 9, 17, 18, 19, 21, 23, 25, 28, 29, 30, 31, 34, 42, 45, 49, 50, 51, 54, 56, 61, 62, 63, 66, 67, 69, 70, 72, 74, 80, 81, 82, 83, 85, 86, 88, 89, 94, 99, 103, 104, 106, 110, 111, 114, 116, 117, 119, 124, 125, 127, 131, 137, 138, 139, 141, 145, 147, 148, 153, 154, 155, 156, 157, 160, 162, 163, 164, 165, 166, 167, 169, 171, 174, 179, 183, 184, 192, 193, 195, 196, 199]
(Gen. 118) BestSol = Solution: cost=[3523.0], size=[84], elements=[4, 5, 7, 9, 17, 18, 19, 21, 23, 25, 28, 29, 30, 31, 34, 42, 45, 49, 50, 51, 54, 56, 61, 62, 63, 66, 67, 69, 70, 72, 80, 81, 82, 83, 84, 85, 86, 88, 89, 94, 99, 103, 104, 106, 110, 111, 114, 116, 117, 119, 124, 125, 127, 131, 137, 138, 139, 141, 145, 147, 148, 153, 154, 155, 156, 157, 160, 162, 163, 164, 165, 166, 167, 169, 171, 174, 179, 183, 184, 192, 193, 195, 196, 199]
(Gen. 129) BestSol = Solution: cost=[3524.0], size=[86], elements=[4, 5, 7, 9, 14, 17, 18, 19, 21, 23, 25, 28, 29, 30, 31, 34, 42, 43, 45, 49, 50, 51, 54, 56, 61, 62, 63, 66, 67, 69, 70, 72, 80, 81, 82, 83, 84, 85, 86, 88, 89, 94, 99, 103, 104, 106, 110, 111, 114, 116, 117, 119, 124, 125, 127, 131, 137, 138, 139, 141, 145, 147, 148, 153, 154, 155, 156, 157, 160, 162, 163, 164, 165, 166, 167, 169, 171, 174, 179, 183, 184, 192, 193, 195, 196, 199]
(Gen. 158) BestSol = Solution: cost=[3567.0], size=[87], elements=[4, 5, 7, 9, 14, 17, 18, 19, 21, 23, 25, 28, 29, 30, 31, 34, 42, 43, 45, 49, 51, 54, 56, 61, 62, 63, 66, 69, 70, 72, 80, 81, 82, 83, 85, 86, 88, 89, 94, 99, 103, 106, 110, 111, 112, 114, 116, 117, 119, 124, 125, 127, 129, 131, 132, 137, 138, 139, 141, 145, 147, 148, 154, 155, 156, 157, 160, 162, 163, 164, 165, 166, 167, 169, 171, 174, 179, 183, 184, 187, 192, 193, 195, 196, 197, 198, 199]
(Gen. 192) BestSol = Solution: cost=[3599.0], size=[85], elements=[4, 5, 7, 9, 17, 18, 19, 21, 23, 25, 28, 29, 30, 31, 34, 37, 42, 45, 49, 51, 54, 61, 62, 63, 66, 69, 70, 72, 80, 81, 82, 83, 85, 86, 88, 89, 94, 99, 103, 106, 110, 111, 112, 114, 116, 119, 121, 124, 125, 127, 131, 137, 138, 139, 141, 145, 147, 148, 150, 153, 154, 155, 156, 157, 160, 162, 163, 164, 165, 166, 167, 169, 171, 174, 179, 181, 183, 184, 186, 187, 192, 193, 195, 196, 199]
(Gen. 236) BestSol = Solution: cost=[3635.0], size=[86], elements=[4, 5, 7, 9, 17, 18, 19, 21, 23, 25, 28, 29, 30, 31, 34, 37, 42, 45, 49, 51, 54, 61, 62, 63, 66, 69, 70, 72, 80, 81, 82, 83, 84, 85, 86, 89, 94, 99, 103, 106, 110, 111, 112, 114, 116, 117, 119, 121, 124, 125, 127, 131, 137, 138, 139, 141, 145, 147, 148, 150, 153, 154, 155, 156, 157, 160, 162, 163, 164, 165, 166, 167, 169, 171, 174, 179, 181, 183, 184, 186, 187, 192, 193, 195, 196, 199]
(Gen. 268) BestSol = Solution: cost=[3682.0], size=[86], elements=[4, 5, 7, 9, 17, 18, 19, 21, 23, 25, 28, 29, 30, 31, 34, 37, 42, 45, 49, 51, 54, 61, 62, 63, 66, 69, 70, 72, 80, 81, 83, 85, 86, 87, 88, 89, 94, 99, 103, 106, 110, 111, 112, 114, 116, 117, 119, 121, 124, 125, 127, 131, 137, 138, 139, 141, 145, 147, 148, 150, 153, 154, 155, 156, 157, 160, 162, 163, 164, 165, 166, 167, 169, 171, 174, 179, 181, 183, 184, 186, 187, 192, 193, 195, 196, 199]
(Gen. 287) BestSol = Solution: cost=[3703.0], size=[87], elements=[4, 5, 7, 9, 17, 18, 19, 21, 23, 25, 28, 29, 30, 31, 34, 37, 42, 45, 49, 51, 54, 61, 62, 63, 66, 69, 70, 72, 80, 81, 83, 85, 86, 87, 88, 89, 94, 99, 103, 106, 110, 111, 112, 114, 116, 117, 119, 121, 124, 125, 127, 131, 137, 138, 139, 141, 145, 147, 148, 150, 153, 154, 155, 156, 157, 160, 162, 163, 164, 165, 166, 167, 169, 171, 174, 179, 181, 183, 184, 186, 187, 192, 193, 195, 196, 198, 199]
(Gen. 301) BestSol = Solution: cost=[3704.0], size=[86], elements=[4, 5, 7, 9, 17, 18, 19, 21, 23, 25, 28, 29, 30, 31, 34, 42, 45, 49, 51, 54, 61, 62, 63, 66, 69, 70, 72, 80, 81, 83, 85, 86, 87, 88, 89, 94, 99, 103, 106, 110, 111, 112, 114, 116, 117, 119, 121, 124, 125, 127, 131, 137, 138, 139, 141, 145, 147, 148, 150, 153, 154, 155, 156, 157, 160, 162, 163, 164, 165, 166, 167, 169, 171, 174, 179, 181, 183, 184, 186, 187, 192, 193, 195, 196, 198, 199]
(Gen. 317) BestSol = Solution: cost=[3712.0], size=[88], elements=[4, 5, 7, 9, 17, 18, 19, 21, 23, 25, 28, 30, 31, 34, 36, 42, 45, 47, 49, 51, 54, 61, 62, 63, 66, 69, 70, 72, 76, 80, 81, 82, 83, 85, 86, 87, 88, 89, 94, 99, 101, 103, 106, 110, 111, 112, 114, 116, 117, 119, 121, 124, 125, 127, 131, 137, 138, 139, 141, 145, 147, 148, 150, 153, 154, 155, 156, 157, 160, 162, 163, 164, 165, 166, 167, 169, 171, 174, 179, 181, 183, 187, 192, 193, 195, 196, 198, 199]
(Gen. 381) BestSol = Solution: cost=[3749.0], size=[91], elements=[4, 5, 7, 9, 17, 18, 19, 21, 23, 25, 28, 30, 31, 33, 34, 36, 42, 45, 49, 51, 54, 61, 62, 63, 66, 69, 70, 72, 76, 80, 81, 82, 83, 85, 86, 87, 88, 89, 94, 99, 101, 103, 106, 110, 111, 112, 114, 116, 119, 121, 124, 127, 131, 132, 134, 137, 138, 139, 141, 144, 145, 147, 148, 150, 153, 155, 156, 157, 160, 162, 163, 164, 165, 166, 167, 169, 171, 174, 179, 180, 181, 183, 184, 187, 188, 192, 193, 195, 196, 198, 199]
(Gen. 440) BestSol = Solution: cost=[3764.0], size=[94], elements=[4, 5, 7, 9, 17, 18, 19, 21, 23, 25, 28, 29, 30, 31, 33, 34, 36, 37, 42, 45, 49, 51, 52, 54, 61, 62, 63, 66, 67, 69, 70, 72, 80, 81, 82, 83, 85, 86, 87, 88, 89, 94, 99, 101, 103, 106, 110, 111, 112, 114, 116, 119, 121, 124, 127, 131, 132, 134, 137, 138, 139, 141, 144, 145, 147, 148, 150, 153, 155, 156, 157, 160, 162, 163, 164, 165, 166, 167, 169, 171, 174, 179, 180, 181, 183, 184, 187, 188, 192, 193, 195, 196, 198, 199]
(Gen. 447) BestSol = Solution: cost=[3768.0], size=[92], elements=[4, 5, 7, 9, 17, 18, 19, 21, 23, 25, 28, 29, 30, 31, 33, 34, 36, 37, 42, 45, 49, 51, 52, 54, 61, 62, 63, 66, 67, 69, 70, 72, 80, 81, 82, 83, 85, 86, 87, 88, 89, 94, 99, 101, 103, 106, 110, 111, 112, 114, 116, 119, 121, 124, 127, 131, 132, 134, 137, 138, 139, 141, 144, 145, 147, 148, 150, 153, 155, 156, 157, 160, 162, 163, 164, 165, 166, 167, 169, 171, 174, 179, 181, 183, 184, 187, 188, 192, 193, 195, 198, 199]
(Gen. 448) BestSol = Solution: cost=[3788.0], size=[93], elements=[4, 5, 7, 9, 17, 18, 19, 21, 23, 25, 28, 29, 30, 31, 33, 34, 36, 37, 42, 45, 49, 51, 54, 61, 62, 63, 66, 67, 69, 70, 72, 80, 81, 82, 83, 85, 86, 87, 88, 89, 93, 94, 99, 101, 103, 106, 110, 111, 112, 114, 116, 119, 121, 124, 127, 131, 132, 134, 137, 138, 139, 141, 144, 145, 147, 148, 150, 153, 155, 156, 157, 159, 160, 162, 163, 164, 165, 166, 167, 169, 171, 174, 179, 181, 183, 184, 187, 188, 192, 193, 195, 198, 199]
(Gen. 465) BestSol = Solution: cost=[3803.0], size=[92], elements=[4, 5, 7, 9, 17, 18, 19, 21, 23, 25, 28, 29, 30, 31, 33, 34, 36, 42, 45, 49, 51, 54, 61, 62, 63, 66, 67, 69, 70, 72, 80, 81, 82, 83, 85, 86, 87, 88, 89, 93, 94, 99, 101, 103, 106, 110, 111, 112, 114, 116, 119, 121, 124, 127, 131, 132, 134, 137, 138, 139, 141, 144, 145, 147, 148, 150, 153, 155, 156, 157, 159, 160, 162, 163, 164, 165, 166, 167, 169, 171, 174, 179, 181, 183, 184, 187, 188, 192, 193, 195, 198, 199]
(Gen. 574) BestSol = Solution: cost=[3827.0], size=[93], elements=[4, 5, 7, 9, 17, 18, 19, 21, 23, 25, 26, 28, 29, 30, 31, 33, 34, 36, 42, 45, 49, 51, 54, 61, 62, 63, 66, 67, 69, 70, 72, 80, 81, 82, 83, 85, 86, 87, 88, 89, 93, 94, 99, 101, 103, 106, 110, 111, 112, 114, 116, 119, 121, 124, 127, 131, 132, 134, 137, 138, 139, 141, 144, 145, 147, 148, 150, 153, 155, 156, 157, 159, 160, 162, 163, 164, 165, 166, 167, 169, 171, 174, 179, 181, 183, 184, 187, 188, 192, 193, 195, 198, 199]
(Gen. 589) BestSol = Solution: cost=[3836.0], size=[93], elements=[4, 5, 7, 9, 17, 18, 19, 21, 23, 25, 26, 28, 29, 30, 31, 33, 34, 36, 38, 42, 45, 49, 51, 54, 61, 62, 63, 66, 67, 69, 70, 72, 80, 81, 82, 83, 85, 86, 87, 88, 89, 93, 94, 99, 101, 103, 106, 110, 111, 112, 114, 116, 119, 121, 124, 127, 131, 132, 134, 137, 138, 139, 141, 144, 145, 147, 148, 150, 153, 155, 156, 157, 159, 160, 162, 163, 164, 165, 166, 167, 169, 171, 174, 179, 183, 184, 187, 188, 192, 193, 195, 198, 199]
(Gen. 604) BestSol = Solution: cost=[3851.0], size=[92], elements=[4, 5, 7, 9, 17, 18, 19, 21, 23, 25, 26, 28, 29, 30, 31, 33, 34, 36, 38, 42, 45, 49, 51, 54, 61, 62, 63, 66, 69, 70, 72, 80, 81, 82, 83, 85, 86, 87, 88, 89, 93, 94, 99, 101, 103, 106, 110, 111, 112, 114, 116, 119, 121, 124, 127, 131, 132, 134, 137, 138, 139, 141, 144, 145, 147, 148, 150, 153, 155, 156, 157, 159, 160, 162, 163, 164, 165, 166, 167, 169, 171, 174, 179, 183, 184, 187, 188, 192, 193, 195, 198, 199]
(Gen. 640) BestSol = Solution: cost=[3854.0], size=[91], elements=[4, 5, 7, 9, 17, 18, 19, 21, 23, 25, 26, 28, 29, 30, 31, 33, 34, 36, 38, 42, 45, 49, 51, 54, 61, 62, 63, 66, 69, 70, 72, 80, 81, 82, 83, 85, 86, 87, 88, 89, 93, 94, 99, 101, 103, 106, 110, 112, 114, 116, 119, 121, 124, 127, 131, 132, 134, 137, 138, 139, 141, 144, 145, 147, 148, 150, 153, 155, 156, 157, 159, 160, 162, 163, 164, 165, 166, 167, 169, 171, 174, 179, 183, 184, 187, 188, 192, 193, 195, 198, 199]
(Gen. 653) BestSol = Solution: cost=[3868.0], size=[92], elements=[4, 5, 7, 9, 11, 17, 18, 19, 21, 23, 25, 26, 28, 29, 30, 31, 33, 34, 36, 38, 42, 45, 49, 51, 54, 61, 62, 63, 66, 69, 70, 72, 80, 81, 82, 83, 85, 86, 87, 88, 89, 93, 94, 99, 101, 103, 106, 110, 112, 114, 116, 119, 121, 124, 127, 131, 132, 134, 137, 138, 139, 141, 144, 145, 147, 148, 150, 153, 155, 156, 157, 159, 160, 162, 163, 164, 165, 166, 167, 169, 171, 174, 179, 183, 184, 187, 188, 192, 193, 195, 198, 199]
(Gen. 935) BestSol = Solution: cost=[3882.0], size=[93], elements=[4, 5, 7, 9, 11, 17, 18, 19, 21, 23, 25, 26, 28, 29, 30, 31, 33, 34, 36, 38, 42, 45, 49, 51, 54, 61, 62, 63, 66, 69, 70, 72, 80, 81, 82, 83, 85, 86, 87, 88, 89, 93, 94, 99, 101, 103, 105, 106, 110, 112, 114, 116, 119, 121, 124, 127, 131, 132, 134, 137, 138, 139, 141, 144, 145, 147, 148, 150, 153, 155, 156, 157, 159, 160, 162, 163, 164, 165, 166, 167, 169, 171, 174, 179, 183, 184, 187, 188, 192, 193, 195, 198, 199]
maxVal = Solution: cost=[3882.0], size=[93], elements=[4, 5, 7, 9, 11, 17, 18, 19, 21, 23, 25, 26, 28, 29, 30, 31, 33, 34, 36, 38, 42, 45, 49, 51, 54, 61, 62, 63, 66, 69, 70, 72, 80, 81, 82, 83, 85, 86, 87, 88, 89, 93, 94, 99, 101, 103, 105, 106, 110, 112, 114, 116, 119, 121, 124, 127, 131, 132, 134, 137, 138, 139, 141, 144, 145, 147, 148, 150, 153, 155, 156, 157, 159, 160, 162, 163, 164, 165, 166, 167, 169, 171, 174, 179, 183, 184, 187, 188, 192, 193, 195, 198, 199]
Time = 500.069 seg
