20
5 9 -3 -5 -4 -6 -4 10 2 8 -6 -2 4 4 -9 -9 -2 -4 5 -2
-1 -7 -9 3 0 3 -3 8 9 -9 1 2 -7 5 -3 -9 2 2 -2
7 0 9 -10 -6 -4 1 -8 -2 7 6 4 3 6 9 -8 6 4
0 -1 -7 9 -10 3 -4 -3 1 -3 -8 10 0 8 -5 6 5
10 4 2 6 -1 9 -9 9 -4 1 9 -4 7 0 -4 -7
6 7 -5 3 -10 -9 -1 4 -3 -1 2 -10 4 2 7
-7 -5 -9 -9 3 9 -1 9 2 -4 -5 -6 10 -2
-9 -8 0 3 -6 -3 2 5 2 9 8 -8 -5
-8 7 -9 -8 -3 -2 4 1 -1 8 0 -3
2 0 -4 -2 4 2 -7 6 4 8 10
-8 8 6 -5 4 4 1 -10 -8 -10
-5 -8 10 1 10 9 -3 -7 8
6 10 9 -9 0 -10 5 -5
-5 0 10 3 -5 -2 5
7 4 3 -3 -7 -7
1 8 -5 -10 8
-8 -5 8 -2
10 8 -1
-4 -7
-10
